-4.638608421910431732e-03
-2.119095963525592999e-02
-3.774331084860142738e-02
-5.429566206194693517e-02
-7.084801327529244297e-02
-7.033132686888701746e-02
-6.101217061895519711e-02
-5.169301436902327962e-02
-4.237385811909144540e-02
-3.305470186915951403e-02
-2.373554561922769021e-02
-1.907739318673663115e-02
-3.412653348049711315e-03
1.225208649063736985e-02
2.791682632932429575e-02
4.358156616801138472e-02
5.924630600669830022e-02
6.775128376339366321e-02
8.574742765606790940e-02
1.037435715487423360e-01
1.217397154414166099e-01
1.433066501601606146e-01
1.602413787704476678e-01
1.771761073807348874e-01
1.941108359910219683e-01
2.110455646013091879e-01
2.279802932115964076e-01
2.449150218218834885e-01
2.618497504321705138e-01
2.771276738314732979e-01
2.898325297613297269e-01
3.025373856911859893e-01
3.152422416210423073e-01
3.279470975508987363e-01
3.406519534807552207e-01
3.533568094106114832e-01
3.660616653404678011e-01
3.787665212703241746e-01
3.961815094677367810e-01
4.061270723617335099e-01
4.160726352557301833e-01
4.260181981497269676e-01
4.359637610437237520e-01
4.459093239377204809e-01
4.558548868317170988e-01
4.658004497257139942e-01
4.757460126197107786e-01
4.856915755137073964e-01
5.047620805197668981e-01
5.139513490943311558e-01
5.231406176688956355e-01
5.323298862434600043e-01
5.415191548180247061e-01
5.507084233925888528e-01
5.598976919671533325e-01
5.690869605417178123e-01
5.966752234591687909e-01
6.017097390581387373e-01
6.067442546571086837e-01
6.117787702560786300e-01
6.168132858550484654e-01
6.218478014540183008e-01
6.268823170529882471e-01
6.319168326519580825e-01
6.369513482509280289e-01
6.419858638498979753e-01
6.470203794488678106e-01
6.520548950478377570e-01
6.570894106468077034e-01
6.621239262457775387e-01
6.671584418447473741e-01
6.721929574437174315e-01
6.772274730426871558e-01
6.822619886416571022e-01
6.872965042406269376e-01
6.923310198395968840e-01
6.973655354385668304e-01
7.024000510375367767e-01
7.074345666365065011e-01
7.124690822354766695e-01
7.225703424013024678e-01
6.991775896136173118e-01
7.432746279562707503e-01
7.466207753831577421e-01
7.499669228100450669e-01
7.533130702369321696e-01
7.566592176638193834e-01
7.600053650907067082e-01
7.633515125175936999e-01
7.666976599444810248e-01
7.700438073713682385e-01
7.733899547982553413e-01
7.767361022251426661e-01
7.800822496520298799e-01
7.834283970789170937e-01
7.867745445058041964e-01
7.901206919326914102e-01
7.934668393595786240e-01
7.968129867864658378e-01
8.001591342133530516e-01
8.035052816402402653e-01
8.068514290671273681e-01
8.101975764940145819e-01
8.135437239209017957e-01
8.168898713477890094e-01
8.202360187746762232e-01
8.235821662015634370e-01
8.269283136284505398e-01
8.302744610553377536e-01
8.336206084822249673e-01
8.369667559091121811e-01
8.403129033359993949e-01
8.436590507628866087e-01
8.470051981897737114e-01
8.503513456166609252e-01
8.536974930435480280e-01
8.378318727159064228e-01
8.392005182920467821e-01
8.405691638681872524e-01
8.419378094443277227e-01
8.433064550204683041e-01
8.636555430985584092e-01
8.653680435003655580e-01
8.670805439021725958e-01
8.687930443039795225e-01
8.705055447057867823e-01
8.722180451075938201e-01
8.739305455094008579e-01
8.756430459112080067e-01
8.773555463130149334e-01
8.790680467148221933e-01
8.807805471166292310e-01
8.824930475184363798e-01
8.842055479202433066e-01
8.859180483220503444e-01
8.876305487238574932e-01
8.893430491256646420e-01
8.910555495274716797e-01
8.927680499292786065e-01
8.944805503310858663e-01
8.961930507328927931e-01
8.979055511346999419e-01
8.996180515365069796e-01
9.013305519383141284e-01
9.030430523401211662e-01
9.047555527419283150e-01
9.064680531437353528e-01
9.081805535455423906e-01
9.098930539473494283e-01
9.116055543491565771e-01
9.076511658901390556e-01
9.084143792227820091e-01
9.091775925554247406e-01
9.099408058880678052e-01
9.107040192207107587e-01
9.114672325533534902e-01
9.122304458859965548e-01
9.129936592186393973e-01
9.137568725512823509e-01
9.206229771582470356e-01
9.215167348042969664e-01
9.224104924503467862e-01
9.233042500963967170e-01
9.241980077424465367e-01
9.250917653884965786e-01
9.259855230345466204e-01
9.268792806805963291e-01
9.277730383266462599e-01
9.286667959726960797e-01
9.295605536187460105e-01
9.304543112647959413e-01
9.313480689108459831e-01
9.322418265568958029e-01
9.331355842029457337e-01
9.340293418489955535e-01
9.349230994950454843e-01
9.358168571410953041e-01
9.367106147871452348e-01
9.376043724331951656e-01
9.384981300792449854e-01
9.393918877252949162e-01
9.402856453713447360e-01
9.411794030173946668e-01
9.420731606634444866e-01
9.414693715559714349e-01
9.419784882536477166e-01
9.424876049513242204e-01
9.429967216490002802e-01
9.435058383466767840e-01
9.440149550443527326e-01
9.445240717420291254e-01
9.450331884397052962e-01
9.455423051373815779e-01
9.460514218350577487e-01
9.465605385327341414e-01
9.470696552304104232e-01
9.475787719280867050e-01
9.507138663335009676e-01
9.511190880618105581e-01
9.515243097901202596e-01
9.519295315184298500e-01
9.523347532467394405e-01
9.527399749750492530e-01
9.531451967033589545e-01
9.535504184316685450e-01
9.539556401599783575e-01
9.543608618882879480e-01
9.547660836165976495e-01
9.551713053449072399e-01
9.555765270732168304e-01
9.559817488015265319e-01
9.563869705298361223e-01
9.567921922581458238e-01
9.571974139864554143e-01
9.576026357147652268e-01
9.580078574430748173e-01
9.584130791713845188e-01
9.588183008996941092e-01
9.592235226280036997e-01
9.596287443563135122e-01
9.600339660846232137e-01
9.604391878129328042e-01
9.608444095412423946e-01
9.612496312695520961e-01
9.610634773598233371e-01
9.612062760337563017e-01
9.613490747076891552e-01
9.614918733816221197e-01
9.616346720555549732e-01
9.617774707294878267e-01
9.619202694034205692e-01
9.620630680773535337e-01
9.622058667512863872e-01
9.623486654252193517e-01
9.624914640991518722e-01
9.626342627730848367e-01
9.627770614470176902e-01
9.629198601209506547e-01
9.630626587948835082e-01
9.632054574688164728e-01
9.658667995590553002e-01
9.660441842101866738e-01
9.662215688613179365e-01
9.663989535124490882e-01
9.665763381635801288e-01
9.667537228147113915e-01
9.669311074658425431e-01
9.671084921169739168e-01
9.672858767681050685e-01
9.674632614192362201e-01
9.676406460703675938e-01
9.678180307214986344e-01
9.679954153726298971e-01
9.681728000237610487e-01
9.683501846748922004e-01
9.685275693260235741e-01
9.687049539771545037e-01
9.688823386282858774e-01
9.690597232794171401e-01
9.692371079305481807e-01
9.694144925816794434e-01
9.695918772328108171e-01
9.697692618839419687e-01
9.699466465350730093e-01
9.701240311862043830e-01
9.703014158373353126e-01
9.704788004884666863e-01
9.706561851395979490e-01
9.708335697907291006e-01
9.710109544418602523e-01
9.711883390929916260e-01
9.713657237441227776e-01
9.715431083952539293e-01
9.717204930463850809e-01
9.718978776975163436e-01
9.710636710647685410e-01
9.710712980500990632e-01
9.710789250354295854e-01
9.710865520207599966e-01
9.710941790060905188e-01
9.711018059914210410e-01
9.711094329767515632e-01
9.711170599620820854e-01
9.711246869474124965e-01
9.726457030834192441e-01
9.727040632609704751e-01
9.727624234385215951e-01
9.728207836160728261e-01
9.728791437936238351e-01
9.729375039711750661e-01
9.729958641487258530e-01
9.730542243262770841e-01
9.731125845038280930e-01
9.731709446813793241e-01
9.732293048589304441e-01
9.732876650364814530e-01
9.733460252140325730e-01
9.734043853915836930e-01
9.734627455691349240e-01
9.735211057466859330e-01
9.735794659242369420e-01
9.736378261017881730e-01
9.736961862793392930e-01
9.737545464568904130e-01
9.738129066344414220e-01
9.738712668119925420e-01
9.739296269895436620e-01
9.739879871670947820e-01
9.740463473446457909e-01
9.741047075221970220e-01
9.741630676997480309e-01
9.742214278772992619e-01
9.742797880548500489e-01
9.743381482324012799e-01
9.743965084099525109e-01
9.744548685875036309e-01
9.745132287650545289e-01
9.748680268221618928e-01
9.749486490305441233e-01
9.750292712389265759e-01
9.751098934473090285e-01
9.751905156556912591e-01
9.752711378640733786e-01
9.753517600724559422e-01
9.754323822808381728e-01
9.744933965967950140e-01
9.745298641062609679e-01
9.745663316157266998e-01
9.750289870035115936e-01
9.750552130916018134e-01
9.750814391796920333e-01
9.751076652677822532e-01
9.751338913558722510e-01
9.751601174439624709e-01
9.751863435320525797e-01
9.752125696201429106e-01
9.752387957082329084e-01
9.752650217963231283e-01
9.752912478844132371e-01
9.753174739725034570e-01
9.753437000605935658e-01
9.753699261486837857e-01
9.753961522367740056e-01
9.754223783248642254e-01
9.754486044129544453e-01
9.754748305010444431e-01
9.755010565891345520e-01
9.755272826772248829e-01
9.755535087653149917e-01
9.755797348534051006e-01
9.756059609414953204e-01
9.756321870295854293e-01
9.756584131176754271e-01
9.756846392057657580e-01
9.757108652938558668e-01
9.757370913819461977e-01
9.757633174700363066e-01
9.757895435581263044e-01
9.758157696462165243e-01
9.758419957343067441e-01
9.758774502853739818e-01
9.758819822543375322e-01
9.758865142233014156e-01
9.758910461922650770e-01
9.758955781612286273e-01
9.759001101301921777e-01
9.759046420991557280e-01
9.759091740681193894e-01
9.759137060370830508e-01
9.759182380060467121e-01
9.759227699750103735e-01
9.759273019439738128e-01
9.759318339129374742e-01
9.759363658819011356e-01
9.759408978508649080e-01
9.759454298198284583e-01
9.759499617887921197e-01
9.759544937577556700e-01
9.759590257267192204e-01
9.759635576956829928e-01
9.759680896646465431e-01
9.759726216336102045e-01
9.759771536025737548e-01
9.759816855715375272e-01
9.759862175405010776e-01
9.759907495094646279e-01
9.759952814784281783e-01
9.759998134473919507e-01
9.760043454163553900e-01
9.760088773853191624e-01
9.760134093542827127e-01
9.760179413232462631e-01
9.760224732922100355e-01
9.760270052611735858e-01
9.760315372301372472e-01
9.760360691991009086e-01
9.762311496753784956e-01
9.762521369165310103e-01
9.762731241576833030e-01
9.762941113988358177e-01
