8.194580390521178925e-01
8.324889361688165845e-01
8.455198332855150545e-01
8.585507304022137465e-01
8.715816275189121054e-01
8.846125246356107974e-01
8.976434217523092673e-01
9.106743188690079593e-01
9.237052159857065403e-01
9.367361131024050103e-01
9.497670102191033692e-01
9.627979073358021722e-01
9.758288044525007532e-01
9.888597015691992231e-01
1.001890598685897915e+00
1.014921495802596274e+00
1.027952392919294855e+00
1.040983290035993658e+00
1.054014187152692017e+00
1.067045084269390598e+00
1.080075981386089401e+00
1.093106878502787982e+00
1.106137775619486341e+00
1.119168672736184922e+00
1.132199569852883503e+00
1.145230466969582084e+00
1.158261364086280665e+00
1.171292261202979246e+00
1.184323158319677827e+00
1.197354055436376408e+00
1.210384952553074767e+00
1.223415849669773570e+00
1.236446746786472151e+00
1.249477643903170510e+00
1.262508541019869091e+00
1.275539438136567671e+00
1.288570335253266474e+00
1.301601232369965055e+00
1.309724514652478522e+00
1.322110133935382237e+00
1.334495753218285952e+00
1.346881372501189889e+00
1.359266991784093603e+00
1.371652611066997318e+00
1.384038230349901477e+00
1.396423849632804970e+00
1.408809468915708907e+00
1.421195088198612622e+00
1.433580707481516558e+00
1.445966326764420051e+00
1.458351946047324210e+00
1.470737565330227703e+00
1.483123184613131640e+00
1.495508803896035577e+00
1.507894423178939292e+00
1.520280042461843228e+00
1.532665661744746943e+00
1.545051281027650658e+00
1.557436900310554817e+00
1.569822519593458532e+00
1.582208138876362469e+00
1.594593758159265962e+00
1.606979377442169898e+00
1.619364996725073613e+00
1.631750616007977106e+00
1.658130407486839930e+00
1.680708699257688954e+00
1.703286991028538866e+00
1.725865282799387890e+00
1.748443574570237580e+00
1.771021866341086826e+00
1.793600158111936738e+00
1.816178449882785984e+00
1.838756741653635451e+00
1.861335033424485141e+00
1.883913325195334609e+00
1.906491616966184299e+00
1.929069908737033767e+00
1.951648200507883235e+00
1.974226492278732703e+00
1.996804784049582171e+00
2.019383075820431639e+00
2.041961367591281107e+00
2.064539659362130575e+00
2.091598177986781604e+00
2.135457618766224641e+00
2.179317059545667679e+00
2.223176500325111160e+00
2.267035941104554198e+00
2.310895381883996791e+00
2.354754822663439828e+00
2.398614263442882866e+00
2.442473704222326347e+00
2.486333145001769385e+00
2.530192585781211534e+00
2.574052026560654571e+00
2.617911467340098053e+00
2.661770908119541090e+00
2.740151533524612937e+00
2.817829692476121917e+00
2.895507851427632673e+00
2.973186010379142985e+00
3.050864169330654629e+00
3.128542328282164053e+00
3.206220487233674366e+00
3.283898646185185566e+00
3.361576805136695878e+00
3.439254964088207522e+00
3.516933123039716058e+00
3.594611281991227258e+00
3.296494015988190807e+00
3.230113008089165572e+00
3.163732000190141225e+00
3.097350992291116878e+00
3.030969984392092087e+00
2.964588976493067740e+00
2.898207968594042949e+00
2.831826960695018602e+00
2.765445952795993811e+00
2.699064944896969909e+00
2.632683936997945118e+00
2.551648841253114863e+00
2.512191881085512613e+00
2.472734920917910806e+00
2.433277960750308999e+00
2.393821000582706748e+00
2.354364040415105830e+00
2.314907080247503579e+00
2.275450120079901772e+00
2.235993159912300410e+00
2.196536199744697715e+00
2.157079239577096352e+00
2.117622279409494546e+00
2.078165319241892739e+00
2.029680982720534654e+00
2.008692109989296259e+00
1.987703237258058531e+00
1.966714364526820802e+00
1.945725491795583295e+00
1.924736619064344900e+00
1.903747746333107171e+00
1.882758873601869443e+00
1.861770000870630604e+00
1.840781128139393541e+00
1.819792255408155146e+00
1.798803382676916751e+00
1.777814509945679244e+00
1.756825637214441294e+00
1.735836764483203343e+00
1.714847891751965392e+00
1.693859019020727885e+00
1.672870146289489934e+00
1.653865960188934059e+00
1.643384230685616121e+00
1.632902501182298627e+00
1.622420771678980689e+00
1.611939042175662751e+00
1.601457312672345035e+00
1.590975583169026875e+00
1.580493853665709159e+00
1.570012124162391220e+00
1.559530394659072838e+00
1.549048665155755344e+00
1.538566935652436962e+00
1.528085206149119468e+00
1.517603476645801530e+00
1.507121747142483814e+00
1.496640017639165654e+00
1.486158288135847716e+00
1.475676558632529778e+00
1.465194829129211840e+00
1.454713099625893902e+00
1.444231370122575964e+00
1.433749640619258026e+00
1.423267911115940088e+00
1.412786181612622149e+00
1.403989375126988959e+00
1.399259145211686484e+00
1.394528915296384231e+00
1.389798685381081977e+00
1.385068455465779724e+00
1.380338225550477249e+00
1.375607995635174774e+00
1.370877765719872743e+00
1.366147535804570268e+00
1.361417305889268015e+00
1.356687075973965539e+00
1.351956846058663508e+00
1.347226616143361033e+00
1.342496386228058780e+00
1.337766156312756527e+00
1.333035926397454274e+00
1.328305696482152243e+00
1.323575466566849768e+00
1.318845236651547514e+00
1.314115006736245039e+00
1.309384776820943008e+00
1.304654546905640977e+00
1.299924316990338280e+00
1.295194087075035805e+00
1.290463857159733774e+00
1.285733627244431299e+00
1.281003397329129267e+00
1.276273167413826792e+00
1.271542937498524761e+00
1.266812707583222064e+00
1.262082477667920033e+00
1.257352247752617558e+00
1.252622017837315749e+00
1.251882051793736794e+00
1.249551985643999830e+00
1.247221919494263087e+00
1.244891853344526345e+00
1.242561787194789380e+00
1.240231721045052193e+00
1.237901654895315673e+00
1.235571588745578708e+00
1.233241522595841744e+00
1.230911456446104779e+00
1.228581390296368037e+00
1.226251324146631072e+00
1.223921257996894330e+00
1.221591191847157143e+00
1.219261125697420622e+00
1.216931059547683436e+00
1.214600993397946693e+00
1.212270927248209729e+00
1.209940861098472986e+00
1.207610794948736022e+00
1.205280728798999057e+00
1.202950662649262092e+00
1.200620596499525350e+00
1.198290530349788385e+00
1.195960464200051421e+00
1.193630398050314456e+00
1.191300331900577714e+00
1.188970265750840971e+00
1.186640199601103784e+00
1.184310133451367264e+00
1.181980067301630077e+00
1.179650001151893335e+00
1.177319935002156370e+00
1.174989868852419406e+00
1.172659802702682663e+00
1.170329736552945699e+00
1.167999670403208734e+00
1.165669604253471769e+00
1.163339538103735027e+00
1.161009471953998284e+00
1.158679405804261320e+00
1.156349339654524355e+00
1.154019273504787391e+00
1.151689207355050648e+00
1.149359141205313684e+00
1.151782985790705593e+00
1.150390610326705643e+00
1.148998234862705248e+00
1.147605859398705519e+00
1.146213483934705568e+00
1.144821108470705395e+00
1.143428733006705444e+00
1.142036357542705494e+00
1.140643982078705543e+00
1.139251606614705370e+00
1.137859231150705641e+00
1.136466855686705690e+00
1.135074480222705740e+00
1.133682104758705567e+00
1.132289729294705616e+00
1.130897353830705443e+00
1.129504978366705492e+00
1.128112602902705541e+00
1.126720227438705368e+00
1.125327851974705418e+00
1.123935476510705689e+00
1.122543101046705516e+00
1.121150725582705565e+00
1.119758350118705614e+00
1.118365974654705441e+00
1.116973599190705269e+00
1.115581223726705540e+00
1.114188848262705367e+00
1.112796472798705638e+00
1.111404097334705465e+00
1.110011721870705514e+00
1.108619346406705564e+00
1.107226970942705613e+00
1.105834595478705440e+00
1.104442220014705711e+00
1.103049844550705538e+00
1.101657469086705365e+00
1.100265093622705415e+00
1.098872718158705686e+00
1.097480342694705513e+00
1.096087967230705562e+00
1.094695591766705389e+00
1.093303216302705438e+00
1.091910840838705488e+00
1.090518465374705537e+00
1.089126089910705586e+00
1.087733714446705635e+00
1.086341338982705684e+00
1.084948963518705511e+00
1.083556588054705783e+00
1.082164212590705610e+00
1.080771837126705437e+00
1.079379461662705486e+00
1.077987086198705535e+00
1.076594710734705584e+00
1.075202335270705634e+00
1.073809959806705683e+00
1.072417584342705510e+00
1.071025208878705781e+00
1.069632833414705386e+00
1.068240457950705435e+00
1.066848082486705485e+00
1.073215363361882835e+00
1.071363337842895724e+00
1.069511312323908614e+00
1.067659286804921281e+00
1.065807261285934171e+00
1.063955235766946616e+00
1.062103210247959506e+00
1.060251184728972396e+00
1.058399159209984841e+00
1.056547133690997731e+00
1.054695108172010398e+00
1.052843082653023288e+00
1.050991057134035733e+00
1.049139031615048623e+00
1.047287006096061512e+00
1.045434980577074402e+00
1.043582955058087069e+00
1.041730929539099515e+00
1.039878904020112405e+00
1.038026878501125072e+00
1.036174852982137740e+00
1.034322827463150629e+00
1.032470801944163297e+00
1.030618776425175964e+00
1.028766750906188632e+00
1.026914725387201521e+00
1.025062699868214189e+00
1.023210674349226856e+00
1.021358648830239524e+00
1.019506623311252413e+00
1.017654597792265303e+00
1.015802572273277748e+00
1.013950546754290638e+00
1.012098521235303528e+00
1.010246495716316195e+00
1.008394470197328863e+00
1.006542444678341530e+00
1.004690419159354198e+00
1.002838393640367087e+00
1.000986368121379755e+00
9.991343426023926444e-01
9.972823170834053119e-01
9.954302915644179794e-01
9.935782660454305359e-01
9.917262405264433145e-01
9.898742150074562041e-01
9.880221894884689826e-01
9.861701639694816501e-01
9.843181384504944287e-01
9.824661129315072072e-01
9.806140874125200968e-01
9.787620618935325423e-01
9.769100363745454318e-01
9.750580108555582104e-01
9.732059853365708779e-01
9.713539598175835454e-01
9.695019342985964350e-01
9.676499087796092136e-01
9.657978832606217701e-01
9.639458577416343266e-01
9.620938322226471051e-01
9.602418067036599947e-01
9.583897811846724402e-01
9.565377556656853297e-01
9.546857301466981083e-01
9.528337046277109978e-01
9.509816791087234433e-01
9.491296535897363329e-01
9.472776280707491114e-01
9.454256025517617790e-01
9.435735770327745575e-01
9.417215515137873361e-01
9.398695259948002256e-01
9.380175004758126711e-01
9.361654749568255607e-01
9.343134494378383392e-01
9.324614239188510068e-01
9.306093983998636743e-01
9.287573728808765638e-01
9.269053473618892314e-01
9.250533218429022320e-01
9.232012963239147885e-01
9.213492708049272339e-01
9.194972452859402345e-01
