-6.475046198005935359e-03
-6.475046198005935359e-03
-6.475046198005935359e-03
-6.475046198005935359e-03
-6.475046198005935359e-03
-6.475046198005935359e-03
-6.475046198005935359e-03
-6.475046198005935359e-03
-6.475046198005935359e-03
-6.475046198005935359e-03
-6.475046198005935359e-03
-6.475046198005935359e-03
-6.475046198005935359e-03
-6.475046198005935359e-03
-6.475046198005935359e-03
2.136564291393080739e-01
2.136564291393080739e-01
2.136564291393080739e-01
2.136564291393080739e-01
2.136564291393080739e-01
2.136564291393080739e-01
2.136564291393080739e-01
2.136564291393080739e-01
2.136564291393080739e-01
2.136564291393080739e-01
2.136564291393080739e-01
2.136564291393080739e-01
2.136564291393080739e-01
2.136564291393080739e-01
4.112581729200228686e-01
4.112581729200228686e-01
4.112581729200228686e-01
4.112581729200228686e-01
4.112581729200228686e-01
4.112581729200228686e-01
4.112581729200228686e-01
4.112581729200228686e-01
4.112581729200228686e-01
4.112581729200228686e-01
4.112581729200228686e-01
4.112581729200228686e-01
4.112581729200228686e-01
4.112581729200228686e-01
5.566334805475954273e-01
5.566334805475954273e-01
5.566334805475954273e-01
5.566334805475954273e-01
5.566334805475954273e-01
5.566334805475954273e-01
5.566334805475954273e-01
5.566334805475954273e-01
5.566334805475954273e-01
5.566334805475954273e-01
5.566334805475954273e-01
5.566334805475954273e-01
5.566334805475954273e-01
5.566334805475954273e-01
6.622591091383971396e-01
6.622591091383971396e-01
6.622591091383971396e-01
6.622591091383971396e-01
6.622591091383971396e-01
6.622591091383971396e-01
6.622591091383971396e-01
6.622591091383971396e-01
6.622591091383971396e-01
6.622591091383971396e-01
6.622591091383971396e-01
6.622591091383971396e-01
6.622591091383971396e-01
6.622591091383971396e-01
6.622591091383971396e-01
7.312997366916312858e-01
7.312997366916312858e-01
7.312997366916312858e-01
7.312997366916312858e-01
7.312997366916312858e-01
7.312997366916312858e-01
7.312997366916312858e-01
7.312997366916312858e-01
7.312997366916312858e-01
7.312997366916312858e-01
7.312997366916312858e-01
7.312997366916312858e-01
7.312997366916312858e-01
7.312997366916312858e-01
7.862934853593718243e-01
7.862934853593718243e-01
7.862934853593718243e-01
7.862934853593718243e-01
7.862934853593718243e-01
7.862934853593718243e-01
7.862934853593718243e-01
7.862934853593718243e-01
7.862934853593718243e-01
7.862934853593718243e-01
7.862934853593718243e-01
7.862934853593718243e-01
7.862934853593718243e-01
7.862934853593718243e-01
8.283101662899197137e-01
8.283101662899197137e-01
8.283101662899197137e-01
8.283101662899197137e-01
8.283101662899197137e-01
8.283101662899197137e-01
8.283101662899197137e-01
8.283101662899197137e-01
8.283101662899197137e-01
8.283101662899197137e-01
8.283101662899197137e-01
8.283101662899197137e-01
8.283101662899197137e-01
8.283101662899197137e-01
8.589234863013880394e-01
8.589234863013880394e-01
8.589234863013880394e-01
8.589234863013880394e-01
8.589234863013880394e-01
8.589234863013880394e-01
8.589234863013880394e-01
8.589234863013880394e-01
8.589234863013880394e-01
8.589234863013880394e-01
8.589234863013880394e-01
8.589234863013880394e-01
8.589234863013880394e-01
8.589234863013880394e-01
8.589234863013880394e-01
8.874911260828718396e-01
8.874911260828718396e-01
8.874911260828718396e-01
8.874911260828718396e-01
8.874911260828718396e-01
8.874911260828718396e-01
8.874911260828718396e-01
8.874911260828718396e-01
8.874911260828718396e-01
8.874911260828718396e-01
8.874911260828718396e-01
8.874911260828718396e-01
8.874911260828718396e-01
8.874911260828718396e-01
9.107963862099176522e-01
9.107963862099176522e-01
9.107963862099176522e-01
9.107963862099176522e-01
9.107963862099176522e-01
9.107963862099176522e-01
9.107963862099176522e-01
9.107963862099176522e-01
9.107963862099176522e-01
9.107963862099176522e-01
9.107963862099176522e-01
9.107963862099176522e-01
9.107963862099176522e-01
9.107963862099176522e-01
9.221865393172322678e-01
9.221865393172322678e-01
9.221865393172322678e-01
9.221865393172322678e-01
9.221865393172322678e-01
9.221865393172322678e-01
9.221865393172322678e-01
9.221865393172322678e-01
9.221865393172322678e-01
9.221865393172322678e-01
9.221865393172322678e-01
9.221865393172322678e-01
9.221865393172322678e-01
9.221865393172322678e-01
9.395078887442944726e-01
9.395078887442944726e-01
9.395078887442944726e-01
9.395078887442944726e-01
9.395078887442944726e-01
9.395078887442944726e-01
9.395078887442944726e-01
9.395078887442944726e-01
9.395078887442944726e-01
9.395078887442944726e-01
9.395078887442944726e-01
9.395078887442944726e-01
9.395078887442944726e-01
9.395078887442944726e-01
9.395078887442944726e-01
9.520997881501722659e-01
9.520997881501722659e-01
9.520997881501722659e-01
9.520997881501722659e-01
9.520997881501722659e-01
9.520997881501722659e-01
9.520997881501722659e-01
9.520997881501722659e-01
9.520997881501722659e-01
9.520997881501722659e-01
9.520997881501722659e-01
9.520997881501722659e-01
9.520997881501722659e-01
9.520997881501722659e-01
9.618753858910622512e-01
9.618753858910622512e-01
9.618753858910622512e-01
9.618753858910622512e-01
9.618753858910622512e-01
9.618753858910622512e-01
9.618753858910622512e-01
9.618753858910622512e-01
9.618753858910622512e-01
9.618753858910622512e-01
9.618753858910622512e-01
9.618753858910622512e-01
9.618753858910622512e-01
9.618753858910622512e-01
9.699039740674714194e-01
9.699039740674714194e-01
9.699039740674714194e-01
9.699039740674714194e-01
9.699039740674714194e-01
9.699039740674714194e-01
9.699039740674714194e-01
9.699039740674714194e-01
9.699039740674714194e-01
9.699039740674714194e-01
9.699039740674714194e-01
9.699039740674714194e-01
9.699039740674714194e-01
9.699039740674714194e-01
9.699039740674714194e-01
9.764879192768359806e-01
9.764879192768359806e-01
9.764879192768359806e-01
9.764879192768359806e-01
9.764879192768359806e-01
9.764879192768359806e-01
9.764879192768359806e-01
9.764879192768359806e-01
9.764879192768359806e-01
9.764879192768359806e-01
9.764879192768359806e-01
9.764879192768359806e-01
9.764879192768359806e-01
9.764879192768359806e-01
9.819723070422047284e-01
9.819723070422047284e-01
9.819723070422047284e-01
9.819723070422047284e-01
9.819723070422047284e-01
9.819723070422047284e-01
9.819723070422047284e-01
9.819723070422047284e-01
9.819723070422047284e-01
9.819723070422047284e-01
9.819723070422047284e-01
9.819723070422047284e-01
9.819723070422047284e-01
9.819723070422047284e-01
9.860985914363213922e-01
9.860985914363213922e-01
9.860985914363213922e-01
9.860985914363213922e-01
9.860985914363213922e-01
9.860985914363213922e-01
9.860985914363213922e-01
9.860985914363213922e-01
9.860985914363213922e-01
9.860985914363213922e-01
9.860985914363213922e-01
9.860985914363213922e-01
9.860985914363213922e-01
9.860985914363213922e-01
9.896335737970409774e-01
9.896335737970409774e-01
9.896335737970409774e-01
9.896335737970409774e-01
9.896335737970409774e-01
9.896335737970409774e-01
9.896335737970409774e-01
9.896335737970409774e-01
9.896335737970409774e-01
9.896335737970409774e-01
9.896335737970409774e-01
9.896335737970409774e-01
9.896335737970409774e-01
9.896335737970409774e-01
9.896335737970409774e-01
9.926420729002267684e-01
9.926420729002267684e-01
9.926420729002267684e-01
9.926420729002267684e-01
9.926420729002267684e-01
9.926420729002267684e-01
9.926420729002267684e-01
9.926420729002267684e-01
9.926420729002267684e-01
9.926420729002267684e-01
9.926420729002267684e-01
9.926420729002267684e-01
9.926420729002267684e-01
9.926420729002267684e-01
9.941753182030044211e-01
9.941753182030044211e-01
9.941753182030044211e-01
9.941753182030044211e-01
9.941753182030044211e-01
9.941753182030044211e-01
9.941753182030044211e-01
9.941753182030044211e-01
9.941753182030044211e-01
9.941753182030044211e-01
9.941753182030044211e-01
9.941753182030044211e-01
9.941753182030044211e-01
9.941753182030044211e-01
9.961417414998893216e-01
9.961417414998893216e-01
9.961417414998893216e-01
9.961417414998893216e-01
9.961417414998893216e-01
9.961417414998893216e-01
9.961417414998893216e-01
9.961417414998893216e-01
9.961417414998893216e-01
9.961417414998893216e-01
9.961417414998893216e-01
9.961417414998893216e-01
9.961417414998893216e-01
9.961417414998893216e-01
9.975436254012217674e-01
9.975436254012217674e-01
9.975436254012217674e-01
9.975436254012217674e-01
9.975436254012217674e-01
9.975436254012217674e-01
9.975436254012217674e-01
9.975436254012217674e-01
9.975436254012217674e-01
9.975436254012217674e-01
9.975436254012217674e-01
9.975436254012217674e-01
9.975436254012217674e-01
9.975436254012217674e-01
9.975436254012217674e-01
9.985720563589197685e-01
9.985720563589197685e-01
9.985720563589197685e-01
9.985720563589197685e-01
9.985720563589197685e-01
9.985720563589197685e-01
9.985720563589197685e-01
9.985720563589197685e-01
9.985720563589197685e-01
9.985720563589197685e-01
9.985720563589197685e-01
9.985720563589197685e-01
9.985720563589197685e-01
9.985720563589197685e-01
9.992217035339004960e-01
9.992217035339004960e-01
9.992217035339004960e-01
9.992217035339004960e-01
9.992217035339004960e-01
9.992217035339004960e-01
9.992217035339004960e-01
9.992217035339004960e-01
9.992217035339004960e-01
9.992217035339004960e-01
9.992217035339004960e-01
9.992217035339004960e-01
9.992217035339004960e-01
9.992217035339004960e-01
9.996664585984212925e-01
9.996664585984212925e-01
9.996664585984212925e-01
9.996664585984212925e-01
9.996664585984212925e-01
9.996664585984212925e-01
9.996664585984212925e-01
9.996664585984212925e-01
9.996664585984212925e-01
9.996664585984212925e-01
9.996664585984212925e-01
9.996664585984212925e-01
9.996664585984212925e-01
9.996664585984212925e-01
9.999468242590885403e-01
9.999468242590885403e-01
9.999468242590885403e-01
9.999468242590885403e-01
9.999468242590885403e-01
9.999468242590885403e-01
9.999468242590885403e-01
9.999468242590885403e-01
9.999468242590885403e-01
9.999468242590885403e-01
9.999468242590885403e-01
9.999468242590885403e-01
9.999468242590885403e-01
9.999468242590885403e-01
9.999468242590885403e-01
