-1.058498000156874244e-03
-2.452325235573593609e-02
-4.432132509403603066e-02
-5.493111507193149112e-02
-6.100165003309411527e-02
-6.510997153134179261e-02
-6.143497463073534920e-02
-5.710809091527773579e-02
-5.003313279099709521e-02
-4.031355373381305396e-02
-2.954173867908959153e-02
-1.691599042428899163e-02
-3.280011854456846634e-03
1.012788208648737233e-02
2.626528136824177184e-02
4.205033803262761549e-02
5.783539469701330649e-02
7.409948301907232082e-02
9.082221748419054552e-02
1.078006454894893523e-01
1.222349627633775998e-01
1.411576020562338163e-01
1.578266591585796574e-01
1.744957162609256096e-01
1.876717968536042169e-01
2.074074407760113647e-01
2.231291765869108934e-01
2.388509123978102000e-01
2.545726482087094511e-01
2.657805035498501112e-01
2.802208580849278596e-01
2.981816537521597699e-01
3.125030175940333166e-01
3.268243814359070298e-01
3.411457452777807431e-01
3.528098563522028552e-01
3.653454926107118084e-01
3.778811288692208170e-01
3.907653890917154316e-01
4.032309963353771787e-01
4.156966035790389258e-01
4.291801159734096038e-01
4.398805764459945422e-01
4.505810369185793141e-01
4.612814973911640304e-01
4.719819578637489688e-01
4.794371783558141198e-01
4.895738051798937951e-01
5.037676716072716498e-01
5.129578954507415522e-01
5.221481192942117877e-01
5.313383431376818011e-01
5.405285669811519256e-01
5.498430883838592020e-01
5.573001923824274506e-01
5.647572963809954771e-01
5.722144003795636147e-01
5.807185827493166475e-01
5.894103274036807116e-01
5.981020720580446648e-01
6.067938167124089510e-01
6.078336174589861196e-01
6.145487596225316373e-01
6.212639017860768220e-01
6.341869778846591643e-01
6.406407355003737036e-01
6.470944931160883540e-01
6.535482507318031153e-01
6.600020083475179877e-01
6.664557659632326381e-01
6.729095235789471774e-01
6.793632811946620498e-01
6.858170388103765891e-01
6.891773738866344701e-01
6.937708920572807081e-01
6.983644102279270571e-01
7.029579283985734062e-01
7.075514465692196442e-01
7.121449647398658822e-01
7.167384829105123423e-01
7.232582824850618541e-01
7.280393852014896972e-01
7.328204879179176512e-01
7.376015906343454942e-01
7.423826933507734482e-01
7.471637960672012913e-01
7.550534681276209747e-01
7.583784329947200753e-01
7.617033978618189538e-01
7.650283627289182764e-01
7.683533275960171549e-01
7.716782924631163665e-01
7.750032573302152450e-01
7.783282221973143455e-01
7.816531870644134461e-01
7.849781519315125466e-01
7.885296461840815008e-01
7.925905498166432306e-01
7.966514534492049604e-01
8.007123570817668012e-01
8.047732607143285311e-01
8.088341643468901498e-01
8.052260885571413951e-01
8.077250197593335290e-01
8.102239509615256630e-01
8.197967960635266227e-01
8.223349241571886736e-01
8.248730522508510576e-01
8.274111803445132196e-01
8.299493084381753816e-01
8.324874365318376546e-01
8.350255646254998165e-01
8.375636927191620895e-01
8.401018208128242515e-01
8.426399489064863024e-01
8.451780770001486864e-01
8.477162050938107374e-01
8.502543331874731214e-01
8.527924612811351723e-01
8.553305893747975563e-01
8.578687174684596073e-01
8.604068455621219913e-01
8.629449736557841533e-01
8.654831017494464263e-01
8.680212298431085882e-01
8.705593579367708612e-01
8.730974860304329122e-01
8.756356141240952962e-01
8.781737422177574581e-01
8.763010316636726804e-01
8.777150983673119855e-01
8.791291650709512906e-01
8.805432317745905957e-01
8.819572984782300118e-01
8.833713651818694279e-01
8.847854318855089550e-01
8.861994985891482601e-01
8.876135652927875652e-01
8.890276319964268703e-01
8.952919661255676065e-01
8.964627355646986873e-01
8.976335050038301011e-01
8.988042744429616260e-01
8.999750438820928178e-01
9.011458133212241206e-01
9.023165827603554234e-01
9.034873521994867263e-01
9.046581216386179181e-01
9.058288910777493319e-01
9.069996605168808568e-01
9.081704299560120486e-01
9.093411993951433514e-01
9.105119688342746542e-01
9.116827382734059571e-01
9.128535077125371489e-01
9.140242771516686737e-01
9.151950465907998655e-01
9.163658160299311684e-01
9.175365854690625822e-01
9.187073549081938850e-01
9.198781243473251878e-01
9.210488937864564907e-01
9.199422927242355552e-01
9.210042779623603959e-01
9.220662632004850146e-01
9.231282484386099663e-01
9.241902336767348070e-01
9.252522189148594256e-01
9.263142041529841553e-01
9.273761893911091070e-01
9.347514786915354090e-01
9.352374879565112931e-01
9.357234972214872881e-01
9.362095064864631722e-01
9.366955157514389452e-01
9.371815250164149402e-01
9.376675342813908243e-01
9.381535435463669304e-01
9.386395528113429254e-01
9.391255620763190315e-01
9.396115713412949155e-01
9.400975806062709106e-01
9.405835898712467946e-01
9.410695991362229007e-01
9.415556084011987847e-01
9.420416176661745578e-01
9.425276269311505528e-01
9.430136361961266589e-01
9.434996454611025429e-01
9.438507966931934945e-01
9.446274229720087456e-01
9.454040492508242188e-01
9.461806755296398030e-01
9.469573018084550542e-01
9.477339280872704164e-01
9.485105543660857785e-01
9.492871806449012517e-01
9.500638069237167249e-01
9.508404332025320871e-01
9.516170594813475603e-01
9.523936857601630335e-01
9.531703120389782846e-01
9.539469383177938688e-01
9.547235645966092310e-01
9.555001908754245932e-01
9.562768171542399553e-01
9.570534434330553175e-01
9.578300697118707907e-01
9.586066959906862639e-01
9.530496680543480981e-01
9.533916135134505865e-01
9.537335589725528529e-01
9.540755044316555633e-01
9.544174498907578297e-01
9.547593953498602071e-01
9.551013408089624734e-01
9.554432862680648508e-01
9.586256860171119554e-01
9.589223366392247705e-01
9.592189872613376966e-01
9.595156378834504007e-01
9.598122885055632159e-01
9.601089391276761420e-01
9.604055897497888461e-01
9.607022403719017722e-01
9.609988909940145874e-01
9.612955416161272915e-01
9.615921922382402176e-01
9.618888428603530327e-01
9.621854934824659589e-01
9.624821441045786630e-01
9.627787947266915891e-01
9.630754453488045153e-01
9.633720959709172194e-01
9.636687465930301455e-01
9.639653972151428496e-01
9.642620478372556647e-01
9.645586984593685909e-01
9.648553490814812950e-01
9.651519997035942211e-01
9.654486503257070362e-01
9.657453009478199624e-01
9.660419515699326665e-01
9.663386021920455926e-01
9.666352528141584077e-01
9.669319034362713339e-01
9.672285540583840380e-01
9.675252046804968531e-01
9.678218553026097792e-01
9.672026236553755707e-01
9.673574767753234660e-01
9.675123298952713613e-01
9.676671830152191456e-01
9.678220361351670409e-01
9.679768892551149362e-01
9.681317423750627205e-01
9.682865954950106158e-01
9.684414486149585111e-01
9.685963017349064064e-01
9.687511548548543017e-01
9.689060079748021970e-01
9.690608610947500923e-01
9.692157142146978765e-01
9.693705673346457719e-01
9.695254204545936672e-01
9.696802735745414514e-01
9.698351266944893467e-01
9.699899798144372420e-01
9.701448329343851373e-01
9.702996860543329216e-01
9.710626035994475158e-01
9.711062574830207073e-01
9.711499113665941207e-01
9.711935652501676453e-01
9.712372191337408367e-01
9.712808730173141392e-01
9.713245269008875526e-01
9.713681807844609661e-01
9.714118346680343796e-01
9.714554885516077931e-01
9.714991424351808735e-01
9.715427963187542870e-01
9.715864502023277005e-01
9.716301040859011140e-01
9.716737579694744165e-01
9.717174118530477189e-01
9.717610657366211324e-01
9.718047196201945459e-01
9.727882926950426334e-01
9.728445780548181654e-01
9.729008634145936973e-01
9.729571487743691183e-01
9.730134341341447612e-01
9.730697194939202932e-01
9.731260048536957141e-01
9.731822902134713571e-01
9.732385755732468890e-01
9.732948609330225320e-01
9.733511462927978419e-01
9.734074316525735959e-01
9.734637170123490169e-01
9.735200023721244378e-01
9.735762877319000808e-01
9.736325730916756127e-01
9.736888584514510336e-01
9.737451438112266766e-01
9.738014291710022086e-01
9.738577145307776295e-01
9.739139998905531614e-01
9.739702852503288044e-01
9.740265706101042253e-01
9.740828559698797573e-01
9.741391413296554003e-01
9.741954266894308212e-01
9.742517120492065752e-01
9.743079974089818851e-01
9.743642827687575281e-01
9.744205681285330600e-01
9.744768534883084810e-01
9.745331388480841239e-01
9.745894242078596559e-01
9.746457095676352989e-01
9.741080726044901716e-01
9.741143970870592694e-01
9.741207215696283672e-01
9.755086806612948136e-01
9.755113079853463542e-01
9.755139353093980059e-01
9.747582313741923743e-01
9.747939282417309448e-01
9.748296251092694042e-01
9.748653219768075306e-01
9.749010188443458791e-01
9.749367157118842275e-01
9.749724125794225760e-01
9.750081094469609244e-01
9.750438063144993839e-01
9.750795031820377323e-01
9.751152000495760808e-01
9.751508969171143182e-01
9.751865937846526666e-01
9.752222906521910151e-01
9.752579875197293635e-01
9.752936843872678230e-01
9.753293812548061714e-01
9.753650781223444088e-01
9.754007749898827573e-01
9.754364718574211057e-01
9.754721687249594542e-01
9.755078655924978026e-01
9.755435624600362621e-01
9.755792593275743885e-01
9.756149561951129590e-01
9.756506530626511964e-01
9.756863499301896558e-01
9.757220467977278933e-01
9.757577436652661307e-01
9.757934405328047012e-01
9.758291374003428276e-01
9.758648342678813981e-01
9.759005311354196355e-01
9.758123352208969425e-01
9.758166394948798450e-01
9.758209437688630805e-01
9.758252480428458719e-01
9.758295523168289964e-01
9.758338565908120099e-01
9.758381608647951344e-01
9.758424651387780369e-01
9.758467694127611614e-01
9.758510736867440638e-01
9.758553779607270773e-01
9.758596822347099797e-01
9.758639865086931042e-01
9.758682907826760067e-01
9.758725950566591312e-01
9.758768993306422557e-01
9.758812036046252691e-01
9.758855078786081716e-01
9.758898121525912961e-01
9.758941164265741985e-01
9.758984207005572120e-01
9.759027249745403365e-01
9.759070292485232390e-01
9.759113335225062524e-01
9.759156377964892659e-01
9.759199420704722794e-01
9.759242463444554039e-01
9.759285506184383063e-01
9.759328548924214308e-01
9.759371591664043333e-01
9.759414634403873468e-01
9.759457677143704712e-01
9.759500719883533737e-01
9.759543762623364982e-01
9.759586805363196227e-01
9.759629848103024141e-01
9.761810555675207723e-01
9.762023608693770615e-01
9.762236661712331287e-01
