7.823010819253566339e-01
7.983941180594213982e-01
8.144871541934858294e-01
8.305801903275504827e-01
8.466732264616148029e-01
8.627662625956793452e-01
8.788592987297438874e-01
8.949523348638082076e-01
9.110453709978728609e-01
9.271384071319372921e-01
9.432314432660018344e-01
9.593244794000662656e-01
9.754175155341306969e-01
9.915105516681951281e-01
1.007603587802259781e+00
1.023696623936324102e+00
1.039789660070388644e+00
1.055882696204452964e+00
1.070716853285166748e+00
1.083073856128042856e+00
1.095430858970918964e+00
1.107787861813795516e+00
1.120144864656671624e+00
1.132501867499547954e+00
1.144858870342424062e+00
1.157215873185300392e+00
1.169572876028176500e+00
1.181929878871052830e+00
1.194286881713928938e+00
1.206643884556805268e+00
1.219000887399681377e+00
1.231357890242557707e+00
1.243714893085433815e+00
1.255107844019316632e+00
1.266515775787619091e+00
1.277923707555921329e+00
1.289331639324223122e+00
1.300739571092525360e+00
1.312147502860827597e+00
1.323555434629129834e+00
1.334963366397432072e+00
1.346371298165734087e+00
1.357779229934036547e+00
1.369187161702338562e+00
1.380595093470641022e+00
1.392600970153377249e+00
1.404898187874688453e+00
1.417195405595999880e+00
1.429492623317311306e+00
1.441789841038622288e+00
1.454087058759933715e+00
1.466384276481245141e+00
1.478681494202556568e+00
1.490978711923867772e+00
1.503275929645179199e+00
1.515573147366490625e+00
1.530532760696014183e+00
1.545134455161097486e+00
1.559736149626181012e+00
1.574337844091263650e+00
1.588939538556346953e+00
1.603541233021430479e+00
1.618142927486513782e+00
1.632744621951597086e+00
1.647346316416680390e+00
1.666043700991198362e+00
1.684356013694893184e+00
1.702668326398587784e+00
1.720980639102282383e+00
1.739292951805977205e+00
1.757605264509672027e+00
1.775917577213366849e+00
1.794229889917061449e+00
1.817410070406548783e+00
1.841066525819744948e+00
1.864722981232940002e+00
1.888379436646135723e+00
1.912035892059331221e+00
1.935692347472526498e+00
1.959348802885722440e+00
1.988350291434680006e+00
2.018951929052491323e+00
2.049553566670301752e+00
2.080155204288113069e+00
2.110756841905924386e+00
2.141358479523735259e+00
2.175719568126544878e+00
2.215251131401184459e+00
2.254782694675825372e+00
2.294314257950464953e+00
2.333845821225105421e+00
2.373377384499745446e+00
2.422435924139056063e+00
2.473218105459505267e+00
2.524000286779953584e+00
2.574782468100402788e+00
2.625564649420851993e+00
2.686893877202100711e+00
2.752079937924255759e+00
2.817265998646409475e+00
2.882452059368564079e+00
2.947638120090719127e+00
3.029543240355129452e+00
3.112014418491364509e+00
3.194485596627601787e+00
3.276956774763839508e+00
3.379727351489828724e+00
3.480779694236459498e+00
3.581832036983087164e+00
3.682884379729718383e+00
3.361674237142449062e+00
3.277121380566988318e+00
3.192568523991528462e+00
3.108015667416068162e+00
3.024735695194137985e+00
2.955520618846700032e+00
2.886305542499262966e+00
2.817090466151825900e+00
2.744428827928257153e+00
2.689157848254805305e+00
2.633886868581353458e+00
2.578615888907899834e+00
2.523344909234447986e+00
2.470242543949470626e+00
2.426146504805836379e+00
2.382050465662201688e+00
2.337954426518566553e+00
2.293858387374932306e+00
2.252872129589558625e+00
2.217948958079679400e+00
2.183025786569799731e+00
2.148102615059920062e+00
2.113179443550040837e+00
2.077416261539952291e+00
2.050109741718590950e+00
2.022803221897229164e+00
1.995496702075867823e+00
1.968190182254506704e+00
1.940883662433145140e+00
1.913577142611783577e+00
1.890917450378110765e+00
1.869924464734020297e+00
1.848931479089929164e+00
1.827938493445839363e+00
1.806945507801748008e+00
1.785952522157657985e+00
1.764959536513567073e+00
1.747334955464280526e+00
1.731399354000806579e+00
1.715463752537332853e+00
1.699528151073859350e+00
1.683592549610385625e+00
1.667656948146911899e+00
1.651721346683438396e+00
1.635035046157423899e+00
1.623037328610259067e+00
1.611039611063094457e+00
1.599041893515929846e+00
1.587044175968765014e+00
1.575046458421600404e+00
1.563048740874435572e+00
1.551051023327270739e+00
1.539053305780106129e+00
1.527069910775859407e+00
1.518133309735064884e+00
1.509196708694270139e+00
1.500260107653475394e+00
1.491323506612680427e+00
1.482386905571885460e+00
1.473450304531090715e+00
1.464513703490295971e+00
1.455577102449501448e+00
1.446640501408706481e+00
1.437703900367911958e+00
1.430496086634887032e+00
1.423998625652251437e+00
1.417501164669615621e+00
1.411003703686980026e+00
1.404506242704344210e+00
1.398008781721708393e+00
1.391511320739073021e+00
1.385013859756437204e+00
1.378516398773801388e+00
1.372018937791165794e+00
1.365521476808529977e+00
1.359024015825894383e+00
1.353413857552468569e+00
1.348749313410285477e+00
1.344084769268102386e+00
1.339420225125919517e+00
1.334755680983736426e+00
1.330091136841553334e+00
1.325426592699370021e+00
1.320762048557186930e+00
1.316097504415003838e+00
1.311432960272820747e+00
1.306768416130637878e+00
1.302103871988454786e+00
1.297439327846271473e+00
1.292774783704088160e+00
1.288608136374878033e+00
1.285266396374397324e+00
1.281924656373916838e+00
1.278582916373436129e+00
1.275241176372955643e+00
1.271899436372474934e+00
1.268557696371994448e+00
1.265215956371513961e+00
1.261874216371033253e+00
1.258532476370552544e+00
1.255190736370072058e+00
1.251848996369591571e+00
1.248507256369110863e+00
1.245165516368630376e+00
1.241823776368149668e+00
1.238482036367669181e+00
1.235140296367188473e+00
1.232547767381946047e+00
1.230166874980543223e+00
1.227785982579140178e+00
1.225405090177737577e+00
1.223024197776334754e+00
1.220643305374931709e+00
1.218262412973528663e+00
1.215881520572126062e+00
1.213500628170723239e+00
1.211119735769319972e+00
1.208738843367917370e+00
1.206357950966514547e+00
1.203977058565111502e+00
1.201596166163708457e+00
1.199215273762305634e+00
1.196834381360902810e+00
1.194453488959499765e+00
1.192072596558096942e+00
1.189691704156694341e+00
1.187310811755291295e+00
1.184929919353888250e+00
1.183346339084571985e+00
1.181595061469020491e+00
1.179843783853469219e+00
1.178092506237917503e+00
1.176341228622365787e+00
1.174589951006814514e+00
1.172838673391262798e+00
1.171087395775710860e+00
1.169336118160159588e+00
1.167584840544608094e+00
1.165833562929056377e+00
1.164082285313504661e+00
1.162331007697953389e+00
1.160579730082401673e+00
1.158828452466850178e+00
1.157077174851298462e+00
1.155325897235746968e+00
1.153574619620195474e+00
1.151823342004643536e+00
1.150072064389092263e+00
1.148320786773540547e+00
1.146569509157989053e+00
1.144818231542437337e+00
1.143066953926885843e+00
1.141315676311334348e+00
1.139609798140747809e+00
1.138205009640631760e+00
1.136800221140516154e+00
1.135395432640400326e+00
1.133990644140284498e+00
1.132585855640168671e+00
1.131181067140052621e+00
1.129776278639937015e+00
1.128371490139821187e+00
1.126966701639705137e+00
1.125561913139589310e+00
1.124157124639473482e+00
1.122752336139357876e+00
1.121347547639242048e+00
1.119942759139126220e+00
1.118537970639010393e+00
1.117133182138894343e+00
1.115728393638778737e+00
1.114323605138662909e+00
1.112918816638547082e+00
1.111514028138431254e+00
1.110109239638315426e+00
1.108704451138199820e+00
1.107299662638083548e+00
1.105894874137967943e+00
1.104490085637851893e+00
1.103085297137736065e+00
1.101680508637620681e+00
1.100275720137504409e+00
1.098870931637388804e+00
1.097466143137272754e+00
1.096061354637156926e+00
1.094656566137041320e+00
1.094714467172601013e+00
1.093313103203068737e+00
1.091911739233536238e+00
1.090510375264003740e+00
1.089109011294471463e+00
1.087707647324939186e+00
1.086306283355406688e+00
1.084904919385874189e+00
1.083503555416341912e+00
1.082102191446809192e+00
1.080700827477276915e+00
1.079299463507744639e+00
1.077898099538211918e+00
1.076496735568679863e+00
1.075095371599147143e+00
1.073694007629614866e+00
1.072292643660082589e+00
1.070891279690550091e+00
1.069489915721017370e+00
1.068088551751485316e+00
1.066687187781952817e+00
1.065285823812420318e+00
1.063884459842887820e+00
1.062483095873355543e+00
1.061081731903823044e+00
1.059680367934290768e+00
1.058279003964758269e+00
1.056877639995225993e+00
1.055476276025693494e+00
1.054074912056160995e+00
1.052673548086628719e+00
1.051272184117096220e+00
1.049870820147563721e+00
1.048469456178031223e+00
1.047068092208498946e+00
1.045666728238966670e+00
1.044265364269434171e+00
1.042864000299901672e+00
1.041462636330369396e+00
1.040061272360837119e+00
1.038659908391304398e+00
1.037258544421772122e+00
1.035857180452239845e+00
1.034455816482707347e+00
1.033828736208082910e+00
1.031784289700719892e+00
1.029739843193357096e+00
1.027695396685994078e+00
1.025650950178630394e+00
1.023606503671267820e+00
1.021562057163904580e+00
1.019517610656541562e+00
1.017473164149178322e+00
1.015428717641815082e+00
1.013384271134452508e+00
1.011339824627089046e+00
1.009295378119726028e+00
1.007250931612363010e+00
1.005206485104999992e+00
1.003162038597636752e+00
1.001117592090273511e+00
9.990731455829103824e-01
9.970286990755473644e-01
9.949842525681841243e-01
9.929398060608212173e-01
9.908953595534581993e-01
9.888509130460950702e-01
9.868064665387317191e-01
9.847620200313688121e-01
9.827175735240057941e-01
9.806731270166425540e-01
9.786286805092795360e-01
9.765842340019164070e-01
9.745397874945533889e-01
9.724953409871901489e-01
9.704508944798271308e-01
9.684064479724641128e-01
9.663620014651012058e-01
9.643175549577377437e-01
9.622731084503747256e-01
9.602286619430117076e-01
9.581842154356485786e-01
9.561397689282854495e-01
9.540953224209223205e-01
9.520508759135593024e-01
9.500064294061962844e-01
9.479619828988330443e-01
9.459175363914699153e-01
9.438730898841068973e-01
9.418286433767438792e-01
9.397841968693806391e-01
9.377397503620176211e-01
9.356953038546544921e-01
9.336508573472914740e-01
9.316064108399282340e-01
9.295619643325652159e-01
9.275175178252023089e-01
9.254730713178390689e-01
9.234286248104758288e-01
9.213841783031129218e-01
9.193397317957499038e-01
9.172952852883866637e-01
9.152508387810234236e-01
9.132063922736605166e-01
