-7.488315844537628151e-06
-2.607562661492160774e-02
-4.447501776770994286e-02
-5.652049389558088527e-02
-6.307018540450708144e-02
-6.522693127380528588e-02
-6.362082637056666601e-02
-5.890202202059148517e-02
-5.148807056606018867e-02
-4.197949791595619040e-02
-3.073309169252585321e-02
-1.799264279421723331e-02
-4.115979033652684450e-03
1.066304910182383318e-02
2.625598246462571700e-02
4.237274735066853815e-02
5.889421463436297216e-02
7.571751039656075821e-02
9.272860503179743141e-02
1.098587673003400822e-01
1.269881117035582541e-01
1.440318166426747259e-01
1.610874259573973344e-01
1.780037415907411713e-01
1.947098085922069344e-01
2.112316352137649789e-01
2.275337416687600867e-01
2.435744972992021640e-01
2.593093631230112273e-01
2.748185887979518460e-01
2.900727073318170590e-01
3.050751397569815282e-01
3.196483408936234283e-01
3.339655241469607905e-01
3.480786211917639150e-01
3.618518444761195108e-01
3.752110822084665509e-01
3.883822831415598698e-01
4.012203840508679620e-01
4.137679923443715602e-01
4.260544391244224238e-01
4.380855033400047893e-01
4.497521218789957698e-01
4.612683129937796833e-01
4.723640958670631829e-01
4.833389770823309228e-01
4.939950342850500942e-01
5.043814729486600923e-01
5.145572838475204192e-01
5.244623189971092669e-01
5.342241344579536921e-01
5.436595275388624859e-01
5.528588570504856525e-01
5.619572379419556230e-01
5.707014605668796481e-01
5.794559440984079490e-01
5.878137158030133369e-01
5.960321098977148235e-01
6.041322646937706820e-01
6.119668992725819656e-01
6.196476671554588256e-01
6.271431104618382379e-01
6.345755969509954131e-01
6.416307767906835879e-01
6.487624374481535394e-01
6.555332387364424251e-01
6.622572747425783390e-01
6.688870747080862822e-01
6.752124892979658455e-01
6.815940414629624300e-01
6.876533409944108888e-01
6.936831265673106817e-01
6.996876886448033517e-01
7.052869310035950745e-01
7.110632915663994691e-01
7.165310986374303637e-01
7.220006916051169288e-01
7.272192930516484521e-01
7.322278041963828921e-01
7.374969003321347749e-01
7.424926572230119426e-01
7.472666766203128752e-01
7.522188624141710189e-01
7.567489568974392622e-01
7.614199404803464466e-01
7.657928378844581774e-01
7.702643608488612958e-01
7.746419221508299424e-01
7.787591401267043301e-01
7.828763581025789398e-01
7.869575458278903479e-01
7.910412995709336093e-01
7.949435736231732497e-01
7.986776472359586876e-01
8.024638549008786814e-01
8.061161372181258056e-01
8.098240017908056032e-01
8.133700797979228625e-01
8.167547560569763387e-01
8.202209567130883672e-01
8.235917155214937946e-01
8.268211860549099512e-01
8.300875219305589026e-01
8.332038967180998013e-01
8.363661407917142299e-01
8.394712781961052306e-01
8.423614581719555128e-01
8.452910434235826331e-01
8.482061438516674823e-01
8.509643117816395597e-01
8.538006981345911406e-01
8.565498899309316183e-01
8.592252966711327877e-01
8.617242720245890109e-01
8.645391449099030234e-01
8.669421380533182120e-01
8.693451311967332895e-01
8.718915207934559986e-01
8.742078250983911225e-01
8.765293065748474000e-01
8.788966146315932981e-01
8.812639226883393073e-01
8.834646971048840669e-01
8.855668392623092799e-01
8.876689814197342709e-01
8.897113556716916838e-01
8.918346078669672217e-01
8.938974843045189855e-01
8.959603607420708604e-01
8.980232371796226243e-01
8.998166687796304020e-01
9.016328995499163224e-01
9.035001695706782465e-01
9.054128857404869501e-01
9.072041978194683720e-01
9.088851298118525435e-01
9.106082670478733432e-01
9.123883251994868715e-01
9.139648253536278855e-01
9.155648926954121913e-01
9.172096705352174029e-01
9.188544483750227254e-01
9.204948619334994975e-01
9.219228293839563104e-01
9.233507968344131234e-01
9.247787642848698253e-01
9.262067317353266382e-01
9.276274191668376634e-01
9.290179559134044140e-01
9.304084926599711647e-01
9.317990294065378043e-01
9.331895661531044439e-01
9.344190427033790547e-01
9.356148647444690880e-01
9.368106867855591213e-01
9.380533976584172207e-01
9.393240554553468069e-01
9.405525925176539959e-01
9.416461681457808375e-01
9.427397437739076791e-01
9.438333194020345207e-01
9.449957417344109212e-01
9.460445427984409683e-01
9.470399589199522961e-01
9.480921577576574277e-01
9.491443565953623374e-01
9.501965554330671360e-01
9.511886924519880049e-01
9.521128583345686014e-01
9.530370242171493089e-01
9.539611900997300165e-01
9.547832379747671627e-01
9.557347494044345915e-01
9.567547721703787422e-01
9.575413771747374181e-01
9.583279821790960940e-01
9.590941936328490902e-01
9.599464115219152882e-01
9.607986294109814862e-01
9.616508473000474622e-01
9.624533152870613506e-01
9.631285917080302239e-01
9.638038681289992082e-01
9.644791445499679705e-01
9.652482611083069708e-01
9.660179524823733210e-01
9.667581228692998518e-01
9.673733154959148761e-01
9.679885081225300114e-01
9.686037007491452577e-01
9.692448618114115622e-01
9.699118133885470394e-01
9.705787649656822946e-01
9.712413543051214848e-01
9.717530621567106452e-01
9.722647700082995836e-01
9.727985155509756288e-01
9.733878770617740983e-01
9.739772385725724568e-01
9.745666000833708154e-01
9.751559615941691739e-01
9.756806485116547023e-01
9.761350969602315963e-01
9.765895454088083794e-01
9.770439938573851624e-01
9.774984423059620564e-01
9.779528907545388394e-01
9.784073392031157335e-01
9.788617876516926275e-01
9.793021689445674527e-01
9.797412026019394204e-01
9.801802362593113882e-01
9.806192699166833560e-01
9.810583035740553237e-01
9.814973372314276245e-01
9.819363708887994813e-01
9.822961191630986688e-01
9.826381020036373259e-01
9.829800848441758720e-01
9.833220676847147512e-01
9.836501848261411940e-01
9.840329254013283622e-01
9.844156659765158635e-01
9.847984065517031427e-01
9.851811471268906439e-01
9.855897200374138523e-01
9.858555170864538031e-01
9.861213141354938649e-01
9.863871111845339268e-01
9.866529082335738776e-01
9.869187052826139395e-01
9.871845023316536683e-01
9.874502993806937301e-01
9.877160964297336809e-01
9.879818934787737428e-01
9.883571447791615894e-01
9.885882592435675242e-01
9.888193022656546205e-01
9.890468593614795134e-01
9.892974598523069929e-01
9.895480603431343614e-01
9.897986608339617298e-01
9.900492613247890983e-01
9.902998618156163557e-01
9.905504623064437242e-01
9.908010627972710926e-01
9.910516632880985721e-01
9.912314929123108298e-01
9.914090773761143893e-01
9.915866618399178378e-01
9.917642463037212863e-01
9.919418307675246238e-01
9.921194152313278503e-01
9.922969996951312988e-01
9.924854544005831114e-01
9.927019981270137627e-01
9.929185418534440810e-01
9.930769527497971261e-01
9.932290887027692694e-01
9.933812246557413017e-01
9.935333606087135561e-01
9.936854965616855884e-01
9.938376325146577317e-01
9.939897684676298750e-01
9.941419044206021294e-01
9.942940403735742727e-01
9.943325936221418804e-01
9.945066866106915260e-01
9.946807795992412826e-01
9.948548725877908172e-01
9.950446874095711935e-01
9.951482999646564798e-01
9.952519125197414329e-01
9.953555250748266081e-01
9.954591376299120054e-01
9.955627501849971805e-01
9.956663627400823557e-01
9.957699752951675309e-01
9.958735878502528172e-01
9.959836142742258813e-01
9.961003530048755383e-01
9.962170917355251953e-01
9.963338304661749634e-01
9.964505691968246204e-01
9.965989939157402500e-01
9.966592897363638626e-01
9.967195855569875862e-01
9.967188626562228926e-01
9.968157899515756037e-01
9.969127172469283149e-01
9.970096445422811371e-01
9.971065718376337372e-01
9.972034991329865594e-01
9.973004264283391596e-01
9.973973537236919817e-01
9.974942810190445819e-01
9.975912083143975151e-01
9.976368697091436699e-01
9.976930970931502385e-01
9.977493244771568071e-01
9.978055518611634866e-01
9.978617792451700552e-01
9.979180066291767348e-01
9.979742340131833034e-01
9.980304613971899830e-01
9.980866887811965515e-01
9.981429161652030091e-01
9.981991435492096887e-01
9.982037956105180854e-01
9.982582811172107107e-01
9.983127666239035580e-01
9.983672521305962944e-01
9.986020977799123788e-01
9.986261730146478444e-01
9.986502482493833099e-01
9.986743234841187755e-01
9.986248171943494789e-01
9.986741469038978858e-01
9.987234766134460706e-01
9.987728063229943665e-01
9.988221360325428844e-01
9.988714657420911802e-01
9.989207954516392540e-01
9.989701251611877719e-01
9.990194548707361788e-01
9.990687845802844747e-01
9.991181142898326595e-01
9.991674439993810664e-01
9.992167737089293622e-01
9.991946074741031580e-01
9.992169901155567580e-01
9.992393727570105799e-01
9.992617553984644019e-01
9.992841380399181128e-01
9.993065206813718238e-01
9.993289033228255347e-01
9.993512859642792456e-01
9.993736686057331786e-01
9.993960512471870006e-01
9.994184338886406005e-01
9.994408165300943114e-01
9.994631991715481334e-01
9.994741987910489289e-01
9.995068925604985166e-01
9.995395863299481043e-01
9.995778996466631039e-01
9.995940871241196790e-01
9.996102746015759211e-01
9.996264620790322741e-01
9.996426495564889603e-01
9.996588370339454244e-01
9.996750245114016664e-01
9.996912119888582415e-01
9.997073994663145946e-01
9.997235869437710587e-01
9.997397744212276338e-01
9.997559618986839869e-01
9.997721493761403400e-01
9.997790630234903997e-01
9.997875704835207378e-01
9.997960779435509648e-01
9.998045854035810809e-01
9.998130928636114190e-01
9.998216003236417571e-01
9.998301077836718731e-01
9.998386152437022112e-01
9.998471227037322162e-01
9.998556301637625543e-01
9.998641376237928924e-01
9.998726450838231194e-01
9.998811525438532355e-01
9.998896600038835736e-01
9.998981674639138006e-01
9.999066749239440277e-01
9.998951132528013375e-01
9.998967641516620652e-01
9.998984150505232371e-01
9.999000659493840759e-01
9.999925661363110452e-01
9.999923084785454774e-01
9.999920508207796876e-01
9.999473921567748613e-01
9.999516244627436601e-01
9.999558567687124588e-01
9.999600890746813686e-01
9.999643213806501674e-01
9.999685536866190771e-01
9.999727859925878759e-01
9.999770182985568967e-01
9.999812506045256955e-01
9.999854829104946052e-01
9.999897152164635150e-01
9.999939475224322027e-01
9.999981798284012235e-01
1.000002412134370022e+00
1.000006644440338821e+00
1.000010876746307620e+00
1.000015109052276419e+00
1.000019341358245217e+00
1.000023573664214238e+00
