3.409313427212103509e+00
3.361772185515436995e+00
3.315308129288600192e+00
3.270147095724632802e+00
3.226067943638184055e+00
3.183289124179011775e+00
3.141490589650818066e+00
3.100878690604940591e+00
3.061456861773739657e+00
3.022959553882949457e+00
2.985438448007238676e+00
2.948830664310854832e+00
2.913226736283325291e+00
2.878664877877209261e+00
2.844854566791154671e+00
2.811847182142634960e+00
2.779681883079601512e+00
2.748440049049295730e+00
2.717884275642244329e+00
2.687956487872115829e+00
2.658961628658286891e+00
2.630630769758615983e+00
2.602864705507932808e+00
2.575818484531466890e+00
2.549526374067195622e+00
2.523716573541022079e+00
2.498510378173836255e+00
2.474036671809022092e+00
2.449962498896780527e+00
2.426492972068350351e+00
2.403707956004798696e+00
2.381191564322543197e+00
2.359410180177665683e+00
2.338029401195297119e+00
2.317019695903637544e+00
2.296701309904062072e+00
2.276677327269738704e+00
2.257136920782036871e+00
2.238072971426489310e+00
2.219244819174155836e+00
2.201086119143288666e+00
2.183097087929855906e+00
2.165646628406089569e+00
2.148478677115345015e+00
2.131682707301758573e+00
2.115291912072891911e+00
2.099128755893469034e+00
2.083462930689931270e+00
2.067912548833129804e+00
2.052928968899790263e+00
2.038010873985640181e+00
2.023627067730151108e+00
2.009326119453694659e+00
1.995498037162866556e+00
1.981773055610656531e+00
1.968483945189679618e+00
1.955296290871204157e+00
1.942527373192159512e+00
1.929843039360719992e+00
1.917577782168651490e+00
1.905362336746786456e+00
1.893582547471074573e+00
1.881811062812719593e+00
1.870493008670541357e+00
1.859174954528362900e+00
1.848269377388873425e+00
1.837397716762018796e+00
1.826876775635624561e+00
1.816460915651127550e+00
1.806201252419624703e+00
1.796235746342370376e+00
1.786294291935814460e+00
1.776730835070122749e+00
1.767167378204431261e+00
1.757916609352738746e+00
1.748737545715605579e+00
1.739752116490123068e+00
1.730944968994246658e+00
1.722189366859311122e+00
1.713754262263215145e+00
1.705319157667118946e+00
1.697120505263319146e+00
1.689039875342279950e+00
1.681019261544114851e+00
1.673281127136742930e+00
1.665542992729371230e+00
1.658010096820696333e+00
1.650602274842824846e+00
1.643200507971665836e+00
1.636110546531823084e+00
1.629020585091980333e+00
1.622042762856606535e+00
1.615258672163539355e+00
1.608474581470471954e+00
1.601883753697763479e+00
1.595395406788230330e+00
1.588907059878696959e+00
1.582667279238772817e+00
1.576464586545730739e+00
1.570271032269877853e+00
1.564340618608878630e+00
1.558410204947879185e+00
1.552525242154613627e+00
1.546853855375356357e+00
1.541182468596099753e+00
1.535567228939176188e+00
1.530157303799592139e+00
1.524747378660007646e+00
1.519337711717016148e+00
1.514182806897027112e+00
1.509027902077038075e+00
1.503863875487820634e+00
1.498924321653277936e+00
1.493984767818735238e+00
1.489045213984192539e+00
1.484333882479153432e+00
1.479598509542734641e+00
1.474863136606315850e+00
1.470349326860197259e+00
1.465831840180183088e+00
1.461314353500168473e+00
1.456921788924808059e+00
1.452626253199282624e+00
1.448330717473756746e+00
1.444047092078240668e+00
1.439949667430134417e+00
1.435852242782028387e+00
1.431754818133922358e+00
1.427773518386217244e+00
1.423868456402756388e+00
1.419963394419296199e+00
1.416063934167115290e+00
1.412340409001204389e+00
1.408616883835293265e+00
1.404893358669382142e+00
1.401240565594418896e+00
1.397692232199691187e+00
1.394143898804963477e+00
1.390595565410235546e+00
1.387158001356570081e+00
1.383777023810323969e+00
1.380396046264077414e+00
1.377015068717831081e+00
1.373772645236631673e+00
1.370548391260077992e+00
1.367324137283524310e+00
1.364099883306970629e+00
1.361027882660377442e+00
1.357956730191940631e+00
1.354885577723503154e+00
1.351814425255066121e+00
1.348883363536191871e+00
1.345966373230008895e+00
1.343049382923826141e+00
1.340132392617643609e+00
1.337309751659902624e+00
1.334532294704135369e+00
1.331754837748368780e+00
1.328977380792601748e+00
1.326265389109398507e+00
1.323618656822010964e+00
1.320971924534623199e+00
1.318325192247235655e+00
1.315689690521247845e+00
1.313175116241126039e+00
1.310660541961004011e+00
1.308145967680881983e+00
1.305631393400760398e+00
1.303194510553238761e+00
1.300796078778463150e+00
1.298397647003687316e+00
1.295999215228911705e+00
1.293622408946843771e+00
1.291336151077622674e+00
1.289049893208401576e+00
1.286763635339180034e+00
1.284477377469959158e+00
1.282250405259570680e+00
1.280079190349578733e+00
1.277907975439586119e+00
1.275736760529593949e+00
1.273565545619601558e+00
1.271455728783668082e+00
1.269389002265613797e+00
1.267322275747559512e+00
1.265255549229505005e+00
1.263188822711450721e+00
1.261180926273977487e+00
1.259212159792996166e+00
1.257243393312014845e+00
1.255274626831033746e+00
1.253305860350052203e+00
1.251391992731474945e+00
1.249516124301816022e+00
1.247640255872157544e+00
1.245764387442498400e+00
1.243888519012839700e+00
1.242049158152563892e+00
1.240264453755211438e+00
1.238479749357859205e+00
1.236695044960506973e+00
1.234910340563154296e+00
1.233125636165802064e+00
1.231421555375889376e+00
1.229720961839240845e+00
1.228020368302592091e+00
1.226319774765943338e+00
1.224619181229294806e+00
1.222956118232731759e+00
1.221333950743224595e+00
1.219711783253716986e+00
1.218089615764209377e+00
1.216467448274702212e+00
1.214845280785194825e+00
1.213278662649614592e+00
1.211738950653465263e+00
1.210199238657315712e+00
1.208659526661166606e+00
1.207119814665017055e+00
1.205580102668867726e+00
1.204091058524739299e+00
1.202620854484741209e+00
1.201150650444742674e+00
1.199680446404744361e+00
1.198210242364746048e+00
1.196740038324747735e+00
1.195295145879194720e+00
1.193889798060210561e+00
1.192484450241227067e+00
1.191079102422243352e+00
1.189673754603259637e+00
1.188268406784275921e+00
1.186881652011923860e+00
1.185544004082160985e+00
1.184206356152398554e+00
1.182868708222635901e+00
1.181531060292873470e+00
1.180193412363110594e+00
1.178855764433348163e+00
1.177556992883900033e+00
1.176278864305695393e+00
1.175000735727490531e+00
1.173722607149285668e+00
1.172444478571080806e+00
1.171166349992876166e+00
1.169888221414671303e+00
1.168661953938496811e+00
1.167439642651088683e+00
1.166217331363680332e+00
1.164995020076272203e+00
1.163772708788864296e+00
1.162550397501455945e+00
1.161328086214048039e+00
1.160157088972538553e+00
1.158987052197393730e+00
1.157817015422248907e+00
1.156646978647104085e+00
1.155476941871959484e+00
1.154306905096814662e+00
1.153136868321669839e+00
1.152006186323611292e+00
1.150884846062846911e+00
1.149763505802082753e+00
1.148642165541318150e+00
1.147520825280553991e+00
1.146399485019789610e+00
1.145278144759025230e+00
1.144170636628929039e+00
1.143094848754763859e+00
1.142019060880598680e+00
1.140943273006433056e+00
1.139867485132267877e+00
1.138791697258102253e+00
1.137715909383937074e+00
1.136640121509771451e+00
1.135594376036775044e+00
1.134559919394616756e+00
1.133525462752458912e+00
1.132491006110300624e+00
1.131456549468142780e+00
1.130422092825984937e+00
1.129387636183826649e+00
1.128353179541668583e+00
1.127342157374862097e+00
1.126345861128839720e+00
1.125349564882817122e+00
1.124353268636794745e+00
1.123356972390771702e+00
1.122360676144749325e+00
1.121364379898726948e+00
1.120368083652704350e+00
1.119375204276060298e+00
1.118413567251341556e+00
1.117451930226622814e+00
1.116490293201904072e+00
1.115528656177185329e+00
1.114567019152466809e+00
1.113605382127748067e+00
1.112643745103029103e+00
1.111682108078310582e+00
1.110742715503718392e+00
1.109811547547978838e+00
1.108880379592239063e+00
1.107949211636499509e+00
1.107018043680759956e+00
1.106086875725020402e+00
1.105155707769280404e+00
1.104224539813541073e+00
1.103293371857801519e+00
1.102392464211690459e+00
1.101489423268302348e+00
1.100586382324914236e+00
1.099683341381526125e+00
1.098780300438138013e+00
1.097877259494749680e+00
1.096974218551361568e+00
1.096071177607973457e+00
1.095168136664585345e+00
1.094270296152362265e+00
1.093391078464613253e+00
1.092511860776863797e+00
1.091632643089114563e+00
1.090753425401365106e+00
1.089874207713615872e+00
1.088994990025866638e+00
1.088115772338117404e+00
1.087236554650368170e+00
1.086357336962618936e+00
1.085506101996644546e+00
1.084646825735879894e+00
1.083787549475114798e+00
1.082928273214349923e+00
1.082068996953584827e+00
1.081209720692820175e+00
1.080350444432054857e+00
1.079491168171290205e+00
1.078631891910525109e+00
1.077772615649760235e+00
1.076931679615495074e+00
1.076088718694323987e+00
1.075245757773152677e+00
1.074402796851981368e+00
1.073559835930810058e+00
1.072716875009638748e+00
1.071873914088467661e+00
1.071030953167296351e+00
1.070187992246125042e+00
1.069345031324953732e+00
1.068505976599762430e+00
1.067675319721371086e+00
1.066844662842979297e+00
1.066014005964587952e+00
1.065183349086196829e+00
1.064352692207805262e+00
1.063522035329413695e+00
1.062691378451022350e+00
1.061860721572630784e+00
1.061030064694239439e+00
1.060199407815848094e+00
1.059367753238844578e+00
1.058544531849859638e+00
1.057721310460874475e+00
1.056898089071889313e+00
1.056074867682904372e+00
1.055251646293919210e+00
1.054428424904934047e+00
1.053605203515949107e+00
1.052781982126963944e+00
1.051958760737978782e+00
1.051135539348993619e+00
1.050312317960008679e+00
1.049500582330999299e+00
1.048680032190078881e+00
1.047859482049158686e+00
1.047038931908238046e+00
1.046218381767317851e+00
1.045397831626397434e+00
1.044577281485477238e+00
1.043756731344556821e+00
1.042936181203636403e+00
1.042115631062715986e+00
1.041295080921795568e+00
1.040477833621687331e+00
1.039655241398302898e+00
1.038832649174918688e+00
1.038010056951534477e+00
1.037187464728150044e+00
1.036364872504765611e+00
1.035542280281381622e+00
1.034719688057996967e+00
1.033897095834612978e+00
1.033074503611228545e+00
1.032251911387844112e+00
1.031429319164459901e+00
1.030606726941075468e+00
1.029776725342461230e+00
1.028945671400556483e+00
1.028114617458651958e+00
1.027283563516746989e+00
1.026452509574842242e+00
