1.480001000000000033e+01
1.488823050125313330e+01
1.497645100250626626e+01
1.506467150375939923e+01
1.515289200501253219e+01
1.524111250626566516e+01
1.532933300751879813e+01
1.541755350877192932e+01
1.550577401002506228e+01
1.559399451127819525e+01
1.568221501253132821e+01
1.577043551378446118e+01
1.585865601503759414e+01
1.594687651629072711e+01
1.603509701754385830e+01
1.612331751879699127e+01
1.621153802005012423e+01
1.629975852130325720e+01
1.638797902255639016e+01
1.647619952380952313e+01
1.656442002506265609e+01
1.665264052631578906e+01
1.674086102756892203e+01
1.682908152882205499e+01
1.691730203007518796e+01
1.700552253132832092e+01
1.709374303258145389e+01
1.718196353383458685e+01
1.727018403508771982e+01
1.735840453634085279e+01
1.744662503759398575e+01
1.753484553884711872e+01
1.762306604010025168e+01
1.771128654135338465e+01
1.779950704260651762e+01
1.788772754385965058e+01
1.797594804511278355e+01
1.806416854636591296e+01
1.815238904761904593e+01
1.824060954887217889e+01
1.832883005012531186e+01
1.841705055137844482e+01
1.850527105263157779e+01
1.859349155388471075e+01
1.868171205513784372e+01
1.876993255639097669e+01
1.885815305764410965e+01
1.894637355889724262e+01
1.903459406015037558e+01
1.912281456140350855e+01
1.921103506265664151e+01
1.929925556390977448e+01
1.938747606516290745e+01
1.947569656641604041e+01
1.956391706766917338e+01
1.965213756892230634e+01
1.974035807017543931e+01
1.982857857142857227e+01
1.991679907268170524e+01
2.000501957393483821e+01
2.009324007518797117e+01
2.018146057644110414e+01
2.026968107769423710e+01
2.035790157894737007e+01
2.044612208020050304e+01
2.053434258145363600e+01
2.062256308270676897e+01
2.071078358395990193e+01
2.079900408521303135e+01
2.088722458646616431e+01
2.097544508771929728e+01
2.106366558897243024e+01
2.115188609022556321e+01
2.124010659147869617e+01
2.132832709273182914e+01
2.141654759398496211e+01
2.150476809523809507e+01
2.159298859649122804e+01
2.168120909774436100e+01
2.176942959899749397e+01
2.185765010025062693e+01
2.194587060150375990e+01
2.203409110275689287e+01
2.212231160401002583e+01
2.221053210526315880e+01
2.229875260651629176e+01
2.238697310776942473e+01
2.247519360902255414e+01
2.256341411027568711e+01
2.265163461152882007e+01
2.273985511278195304e+01
2.282807561403508601e+01
2.291629611528821897e+01
2.300451661654135194e+01
2.309273711779448490e+01
2.318095761904761787e+01
2.326917812030075083e+01
2.335739862155388380e+01
2.344561912280701677e+01
2.353383962406014973e+01
2.362206012531328270e+01
2.371028062656641566e+01
2.379850112781954863e+01
2.388672162907268159e+01
2.397494213032581456e+01
2.406316263157894753e+01
2.415138313283208049e+01
2.423960363408521346e+01
2.432782413533834642e+01
2.441604463659147939e+01
2.450426513784461235e+01
2.459248563909774532e+01
2.468070614035087829e+01
2.476892664160401125e+01
2.485714714285714422e+01
2.494536764411027718e+01
2.503358814536341015e+01
2.512180864661654311e+01
2.521002914786967608e+01
2.529824964912280905e+01
2.538647015037594201e+01
2.547469065162907498e+01
2.556291115288220439e+01
2.565113165413533736e+01
2.573935215538847032e+01
2.582757265664160329e+01
2.591579315789473625e+01
2.600401365914786922e+01
2.609223416040100219e+01
2.618045466165413515e+01
2.626867516290726812e+01
2.635689566416040108e+01
2.644511616541353405e+01
2.653333666666666701e+01
2.662155716791979998e+01
2.670977766917292939e+01
2.679799817042606236e+01
2.688621867167919532e+01
2.697443917293232829e+01
2.706265967418546126e+01
2.715088017543859422e+01
2.723910067669172719e+01
2.732732117794486015e+01
2.741554167919799312e+01
2.750376218045112608e+01
2.759198268170425905e+01
2.768020318295739202e+01
2.776842368421052498e+01
2.785664418546365795e+01
2.794486468671679091e+01
2.803308518796992388e+01
2.812130568922305685e+01
2.820952619047618981e+01
2.829774669172932278e+01
2.838596719298245574e+01
2.847418769423558871e+01
2.856240819548872167e+01
2.865062869674185464e+01
2.873884919799498761e+01
2.882706969924812057e+01
2.891529020050125354e+01
2.900351070175438650e+01
2.909173120300751947e+01
2.917995170426065243e+01
2.926817220551378540e+01
2.935639270676691837e+01
2.944461320802005133e+01
2.953283370927318430e+01
2.962105421052631726e+01
2.970927471177945023e+01
2.979749521303258319e+01
2.988571571428571616e+01
2.997393621553884913e+01
3.006215671679197854e+01
3.015037721804511150e+01
3.023859771929824447e+01
3.032681822055137744e+01
3.041503872180451040e+01
3.050325922305764337e+01
3.059147972431077633e+01
3.067970022556390930e+01
3.076792072681704227e+01
3.085614122807017523e+01
3.094436172932330820e+01
3.103258223057644116e+01
3.112080273182957413e+01
3.120902323308270709e+01
3.129724373433584006e+01
3.138546423558897303e+01
3.147368473684210599e+01
3.156190523809523896e+01
3.165012573934837192e+01
3.173834624060150134e+01
3.182656674185463430e+01
3.191478724310776727e+01
3.200300774436090023e+01
3.209122824561403320e+01
3.217944874686716616e+01
3.226766924812029913e+01
3.235588974937343210e+01
3.244411025062656506e+01
3.253233075187969803e+01
3.262055125313283099e+01
3.270877175438596396e+01
3.279699225563909692e+01
3.288521275689222989e+01
3.297343325814536286e+01
3.306165375939849582e+01
3.314987426065162879e+01
3.323809476190476175e+01
3.332631526315789472e+01
3.341453576441102769e+01
3.350275626566416065e+01
3.359097676691729362e+01
3.367919726817042658e+01
3.376741776942355955e+01
3.385563827067669251e+01
3.394385877192982548e+01
3.403207927318295845e+01
3.412029977443609141e+01
3.420852027568922438e+01
3.429674077694235734e+01
3.438496127819549031e+01
3.447318177944862327e+01
3.456140228070175624e+01
3.464962278195488921e+01
3.473784328320802217e+01
3.482606378446115514e+01
3.491428428571428810e+01
3.500250478696742107e+01
3.509072528822055403e+01
3.517894578947368700e+01
3.526716629072681997e+01
3.535538679197995293e+01
3.544360729323308590e+01
3.553182779448621886e+01
3.562004829573935183e+01
3.570826879699248479e+01
3.579648929824561776e+01
3.588470979949875073e+01
3.597293030075188369e+01
3.606115080200501666e+01
3.614937130325814962e+01
3.623759180451128259e+01
3.632581230576440845e+01
3.641403280701754142e+01
3.650225330827067438e+01
3.659047380952380735e+01
3.667869431077694031e+01
3.676691481203007328e+01
3.685513531328320624e+01
3.694335581453633921e+01
3.703157631578947218e+01
3.711979681704260514e+01
3.720801731829573811e+01
3.729623781954887107e+01
3.738445832080200404e+01
3.747267882205513700e+01
3.756089932330826997e+01
3.764911982456140294e+01
3.773734032581453590e+01
3.782556082706766887e+01
3.791378132832080183e+01
3.800200182957393480e+01
3.809022233082706776e+01
3.817844283208020073e+01
3.826666333333333370e+01
3.835488383458646666e+01
3.844310433583959963e+01
3.853132483709272549e+01
3.861954533834585845e+01
3.870776583959899142e+01
3.879598634085212439e+01
3.888420684210525735e+01
3.897242734335839032e+01
3.906064784461152328e+01
3.914886834586465625e+01
3.923708884711778921e+01
3.932530934837092218e+01
3.941352984962405515e+01
3.950175035087718811e+01
3.958997085213032108e+01
3.967819135338345404e+01
3.976641185463658701e+01
3.985463235588971997e+01
3.994285285714285294e+01
4.003107335839598591e+01
4.011929385964911887e+01
4.020751436090225184e+01
4.029573486215538480e+01
4.038395536340851777e+01
4.047217586466165073e+01
4.056039636591478370e+01
4.064861686716791667e+01
4.073683736842104963e+01
4.082505786967418260e+01
4.091327837092731556e+01
4.100149887218044853e+01
4.108971937343358150e+01
4.117793987468671446e+01
4.126616037593984743e+01
4.135438087719298039e+01
4.144260137844611336e+01
4.153082187969924632e+01
4.161904238095237929e+01
4.170726288220551226e+01
4.179548338345864522e+01
4.188370388471177819e+01
4.197192438596491115e+01
4.206014488721804412e+01
4.214836538847117708e+01
4.223658588972431005e+01
4.232480639097744302e+01
4.241302689223057598e+01
4.250124739348370895e+01
4.258946789473684191e+01
4.267768839598997488e+01
4.276590889724310784e+01
4.285412939849624081e+01
4.294234989974937378e+01
4.303057040100250674e+01
4.311879090225563971e+01
4.320701140350877267e+01
4.329523190476190564e+01
4.338345240601503860e+01
4.347167290726817157e+01
4.355989340852130454e+01
4.364811390977443750e+01
4.373633441102757047e+01
4.382455491228070343e+01
4.391277541353383640e+01
4.400099591478696937e+01
4.408921641604010233e+01
4.417743691729323530e+01
4.426565741854636826e+01
4.435387791979950123e+01
4.444209842105263419e+01
4.453031892230576716e+01
4.461853942355890013e+01
4.470675992481203309e+01
4.479498042606516606e+01
4.488320092731829902e+01
4.497142142857143199e+01
4.505964192982456495e+01
4.514786243107769792e+01
4.523608293233083089e+01
4.532430343358395675e+01
4.541252393483708971e+01
4.550074443609022268e+01
4.558896493734335564e+01
4.567718543859648861e+01
4.576540593984962157e+01
4.585362644110275454e+01
4.594184694235588751e+01
4.603006744360902047e+01
4.611828794486215344e+01
4.620650844611528640e+01
4.629472894736841937e+01
4.638294944862155234e+01
4.647116994987468530e+01
4.655939045112781827e+01
4.664761095238095123e+01
4.673583145363408420e+01
4.682405195488721716e+01
4.691227245614035013e+01
4.700049295739348310e+01
4.708871345864661606e+01
4.717693395989974903e+01
4.726515446115288199e+01
4.735337496240601496e+01
4.744159546365914792e+01
4.752981596491228089e+01
4.761803646616541386e+01
4.770625696741854682e+01
4.779447746867167979e+01
4.788269796992481275e+01
4.797091847117794572e+01
4.805913897243107868e+01
4.814735947368421165e+01
4.823557997493734462e+01
4.832380047619047758e+01
4.841202097744361055e+01
4.850024147869674351e+01
4.858846197994987648e+01
4.867668248120300234e+01
4.876490298245613531e+01
4.885312348370926827e+01
4.894134398496240124e+01
4.902956448621553420e+01
4.911778498746866717e+01
4.920600548872180013e+01
4.929422598997493310e+01
4.938244649122806607e+01
4.947066699248119903e+01
4.955888749373433200e+01
4.964710799498746496e+01
4.973532849624059793e+01
4.982354899749373089e+01
4.991176949874686386e+01
4.999998999999999683e+01
