-1.488468688878977252e-04
-2.563083591038621198e-02
-4.322530473287915231e-02
-5.494208402805386693e-02
-6.130625541197234213e-02
-6.360042386059479302e-02
-6.191804086642702792e-02
-5.731030303619286115e-02
-5.023379852303250237e-02
-4.090799829855398806e-02
-2.986174505076738539e-02
-1.745639064990116979e-02
-3.786222177165109518e-03
1.066810198714445053e-02
2.581335713939879664e-02
4.158906925524288867e-02
5.725329207447949625e-02
7.411852131972893054e-02
9.028798086835558567e-02
1.073986086359312031e-01
1.237542469554999830e-01
1.408070135145805535e-01
1.572105832479164800e-01
1.737806429365513494e-01
1.897641245917613961e-01
2.063674891345893270e-01
2.222788089085841190e-01
2.372608399483109032e-01
2.532229146471492998e-01
2.679191430162824461e-01
2.831210596747039676e-01
2.977558724315704231e-01
3.118680531370168207e-01
3.260664631660211144e-01
3.395874175754737267e-01
3.527889537674884224e-01
3.657997196347606006e-01
3.795287021704298880e-01
3.916492457168234687e-01
4.037697892632168828e-01
4.161790866093255659e-01
4.275308641988816438e-01
4.388826417884377773e-01
4.502344193779937997e-01
4.611928591180912695e-01
4.716127382149838398e-01
4.820326173118763546e-01
4.924524964087689249e-01
5.020953497762066231e-01
5.116571298431662473e-01
5.212189099101259826e-01
5.302640599966035317e-01
5.393278940185856074e-01
5.483917280405672390e-01
5.574555620625490926e-01
5.650118972715009180e-01
5.731896939836823579e-01
5.814418952449574851e-01
5.891571087876152912e-01
5.968723223302727643e-01
6.039934077303461546e-01
6.114223626161975345e-01
6.198713589536678503e-01
6.263902369328523401e-01
6.329091149120370519e-01
6.394279928912218747e-01
6.459468708704063644e-01
6.516598575164082030e-01
6.593463157199536129e-01
6.650667279562143541e-01
6.707871401924752064e-01
6.765075524287360587e-01
6.822279646649967999e-01
6.885778055190949765e-01
6.935353744051536706e-01
6.988170473120156601e-01
7.040987202188775385e-01
7.093803931257395279e-01
7.146620660326012953e-01
7.199437389394632847e-01
7.252254118463251631e-01
7.274095340181037095e-01
7.318358072608607268e-01
7.380844284300123181e-01
7.425809598098050968e-01
7.470774911895977644e-01
7.515740225693906540e-01
7.560705539491833216e-01
7.605670853289758782e-01
7.631976102390318761e-01
7.669106862264721824e-01
7.706237622139124888e-01
7.752068356716095288e-01
7.789082042770217873e-01
7.826095728824340458e-01
7.863109414878463044e-01
7.900123100932584519e-01
7.937136786986707104e-01
7.969129685943727726e-01
7.999732039539628747e-01
8.030334393135530879e-01
8.060936746731431901e-01
8.091539100327330702e-01
8.121591435049212437e-01
8.151991305693959688e-01
8.182391176338704719e-01
8.212791046983450860e-01
8.243190917628195891e-01
8.273590788272944252e-01
8.306783238911964462e-01
8.331270998353222934e-01
8.355758757794480296e-01
8.380246517235737658e-01
8.404734276676993909e-01
8.429222036118251271e-01
8.453709795559509743e-01
8.478197555000765995e-01
8.497776452303967831e-01
8.521522495349457271e-01
8.545268538394944491e-01
8.569014581440433931e-01
8.606669400860766928e-01
8.624906825164299073e-01
8.643144249467831219e-01
8.661381673771362255e-01
8.679619098074895511e-01
8.697856522378426547e-01
8.716093946681959803e-01
8.734331370985490839e-01
8.752568795289024095e-01
8.770806219592555131e-01
8.789043643896086166e-01
8.807281068199618312e-01
8.825518492503149348e-01
8.839961656824996128e-01
8.845756089632110797e-01
8.887171133304025972e-01
8.901939628072437216e-01
8.916708122840849571e-01
8.931476617609260815e-01
8.946245112377673170e-01
8.961013607146085524e-01
8.975782101914498989e-01
8.990550596682910234e-01
9.005319091451322588e-01
9.020087586219734943e-01
9.034856080988145077e-01
9.049624575756555211e-01
9.064393070524968676e-01
9.079161565293379921e-01
9.093930060061792275e-01
9.108698554830202410e-01
9.123467049598614764e-01
9.102477462457070345e-01
9.114745968948122501e-01
9.158555031941485458e-01
9.168757211098054194e-01
9.178959390254624040e-01
9.189161569411196107e-01
9.199363748567764842e-01
9.209565927724335799e-01
9.219768106880905645e-01
9.229970286037477711e-01
9.240172465194047557e-01
9.250374644350618514e-01
9.260576823507187250e-01
9.270779002663758206e-01
9.280981181820330272e-01
9.291183360976899008e-01
9.301385540133469965e-01
9.311587719290039811e-01
9.321789898446609657e-01
9.331992077603180613e-01
9.342194256759749349e-01
9.352396435916320305e-01
9.330983766026360593e-01
9.336867553332951486e-01
9.342751340639541269e-01
9.348635127946126611e-01
9.381767141301174950e-01
9.388408927718915331e-01
9.395050714136657932e-01
9.401692500554400533e-01
9.408334286972143135e-01
9.414976073389885736e-01
9.421617859807628337e-01
9.428259646225370938e-01
9.434901432643112429e-01
9.441543219060853920e-01
9.448185005478596521e-01
9.454826791896338012e-01
9.461468578314080613e-01
9.468110364731823214e-01
9.474752151149565815e-01
9.481393937567306196e-01
9.488035723985048797e-01
9.494677510402791398e-01
9.501319296820533999e-01
9.507961083238274380e-01
9.514602869656016981e-01
9.505177064003357268e-01
9.508499698521878374e-01
9.511822333040400590e-01
9.515144967558922806e-01
9.518467602077442802e-01
9.521790236595963908e-01
9.541873694123228500e-01
9.545774332779790594e-01
9.549674971436348248e-01
9.553575610092909232e-01
9.557476248749469105e-01
9.561376887406028979e-01
9.565277526062587743e-01
9.569178164719147617e-01
9.573078803375708601e-01
9.576979442032268475e-01
9.580880080688828349e-01
9.584780719345388222e-01
9.588681358001946986e-01
9.592581996658506860e-01
9.596482635315066734e-01
9.600383273971627718e-01
9.604283912628187592e-01
9.608184551284747466e-01
9.612085189941308450e-01
9.615985828597868323e-01
9.619886467254427087e-01
9.623787105910986961e-01
9.627687744567546835e-01
9.612846090421430789e-01
9.615017712663864735e-01
9.617189334906299791e-01
9.619360957148731517e-01
9.621532579391166573e-01
9.645192911563543747e-01
9.647053587917545636e-01
9.648914264271547525e-01
9.650774940625551634e-01
9.652635616979552413e-01
9.654496293333554302e-01
9.656356969687556191e-01
9.658217646041559190e-01
9.660078322395559969e-01
9.661938998749564078e-01
9.663799675103565967e-01
9.665660351457567856e-01
9.667521027811569745e-01
9.669381704165571634e-01
9.671242380519573523e-01
9.673103056873575412e-01
9.674963733227577301e-01
9.676824409581581410e-01
9.678685085935582189e-01
9.680545762289584077e-01
9.682406438643585966e-01
9.684267114997590076e-01
9.686127791351591965e-01
9.687988467705593854e-01
9.689849144059593522e-01
9.691709820413597631e-01
9.693570496767599520e-01
9.695431173121601409e-01
9.697291849475603298e-01
9.699152525829605187e-01
9.701013202183605966e-01
9.702873878537611185e-01
9.704734554891613074e-01
9.706443209055879429e-01
9.707339760374029680e-01
9.708236311692177711e-01
9.709132863010324632e-01
9.710029414328475994e-01
9.710925965646624025e-01
9.711822516964774277e-01
9.712719068282924528e-01
9.713615619601072559e-01
9.714512170919220591e-01
9.716225787827528215e-01
9.717096591377957226e-01
9.717967394928387348e-01
9.718838198478815249e-01
9.719709002029246481e-01
9.720579805579676602e-01
9.721450609130104503e-01
9.722321412680535735e-01
9.723192216230965856e-01
9.724063019781393757e-01
9.724933823331824989e-01
9.725804626882251780e-01
9.726675430432681901e-01
9.727546233983112023e-01
9.728417037533542144e-01
9.729287841083971156e-01
9.730158644634400167e-01
9.731029448184830288e-01
9.731900251735259300e-01
9.732771055285689421e-01
9.733641858836119543e-01
9.734512662386549664e-01
9.735383465936978675e-01
9.736254269487408797e-01
9.737125073037837808e-01
9.737995876588267929e-01
9.738866680138696941e-01
9.739737483689127062e-01
9.740608287239554963e-01
9.741479090789986195e-01
9.742349894340416316e-01
9.743220697890844217e-01
9.744091501441275449e-01
9.744962304991703350e-01
9.745833108542132361e-01
9.738053645524570312e-01
9.741180128709048258e-01
9.742059906794838797e-01
9.742445078085685273e-01
9.742830249376532858e-01
9.743215420667378224e-01
9.743600591958224699e-01
9.743985763249071175e-01
9.744370934539917650e-01
9.744756105830764126e-01
9.745141277121611711e-01
9.745526448412458187e-01
9.745911619703303552e-01
9.746296790994151138e-01
9.746681962284999834e-01
9.747067133575846309e-01
9.747452304866690564e-01
9.747837476157539260e-01
9.748222647448385736e-01
9.748607818739232211e-01
9.748992990030078687e-01
9.749378161320925162e-01
9.749763332611771638e-01
9.750148503902619224e-01
9.750533675193465699e-01
9.750918846484311064e-01
9.751304017775158650e-01
9.751689189066005126e-01
9.752074360356850491e-01
9.752459531647698077e-01
9.752844702938544552e-01
9.753229874229391028e-01
9.753615045520239724e-01
9.754000216811086199e-01
9.754385388101932675e-01
9.754770559392776930e-01
9.755155730683625626e-01
9.755540901974472101e-01
9.755926073265318577e-01
9.756311244556162832e-01
9.756696415847011528e-01
9.757081587137859113e-01
9.757466758428704479e-01
9.757851929719552064e-01
9.758237101010397430e-01
9.758622272301245015e-01
9.757910722194232944e-01
9.757951753094611380e-01
9.757992783994988706e-01
9.758033814895364921e-01
9.758074845795743357e-01
9.758115876696120683e-01
9.758156907596498009e-01
9.758197938496874224e-01
9.758238969397254881e-01
9.758280000297629986e-01
9.758321031198008422e-01
9.758362062098387968e-01
9.758403092998764183e-01
9.758444123899141509e-01
9.758485154799519945e-01
9.758526185699897271e-01
9.758567216600274596e-01
9.758608247500653032e-01
9.758649278401029248e-01
9.758690309301408794e-01
9.758731340201785009e-01
9.758772371102162335e-01
9.758813402002540771e-01
9.758854432902919207e-01
9.758895463803296533e-01
9.758936494703673858e-01
9.758977525604052294e-01
9.759018556504428510e-01
9.759059587404808056e-01
9.759100618305184272e-01
9.759141649205561597e-01
9.759182680105940033e-01
9.759223711006317359e-01
9.759264741906695795e-01
9.759305772807073120e-01
9.759346803707449336e-01
9.759387834607828882e-01
9.759428865508203987e-01
9.761499731077325492e-01
9.761704593677045239e-01
9.761909456276763875e-01
9.762114318876484731e-01
