1.480001000000000033e+01
1.513885706766917316e+01
1.547770413533834599e+01
1.581655120300751882e+01
1.615539827067669165e+01
1.649424533834586626e+01
1.683309240601503731e+01
1.717193947368421192e+01
1.751078654135338297e+01
1.784963360902255758e+01
1.818848067669172863e+01
1.852732774436090324e+01
1.886617481203007429e+01
1.920502187969924890e+01
1.954386894736841995e+01
1.988271601503759456e+01
2.022156308270676561e+01
2.056041015037594022e+01
2.089925721804511127e+01
2.123810428571428588e+01
2.157695135338345693e+01
2.191579842105263154e+01
2.225464548872180259e+01
2.259349255639097720e+01
2.293233962406014825e+01
2.327118669172932286e+01
2.361003375939849747e+01
2.394888082706766852e+01
2.428772789473683957e+01
2.462657496240601418e+01
2.496542203007518879e+01
2.530426909774435984e+01
2.564311616541353089e+01
2.598196323308270550e+01
2.632081030075188011e+01
2.665965736842105116e+01
2.699850443609022221e+01
2.733735150375939682e+01
2.767619857142857143e+01
2.801504563909774248e+01
2.835389270676691353e+01
2.869273977443608814e+01
2.903158684210526275e+01
2.937043390977443380e+01
2.970928097744360485e+01
3.004812804511277946e+01
3.038697511278195407e+01
3.072582218045112512e+01
3.106466924812029973e+01
3.140351631578947078e+01
3.174236338345864539e+01
3.208121045112781644e+01
3.242005751879699460e+01
3.275890458646615855e+01
3.309775165413533671e+01
3.343659872180450776e+01
3.377544578947367881e+01
3.411429285714285697e+01
3.445313992481202803e+01
3.479198699248119908e+01
3.513083406015037724e+01
3.546968112781954119e+01
3.580852819548871935e+01
3.614737526315789040e+01
3.648622233082706146e+01
3.682506939849623961e+01
3.716391646616541067e+01
3.750276353383458172e+01
3.784161060150375988e+01
3.818045766917293093e+01
3.851930473684210199e+01
3.885815180451128015e+01
3.919699887218044410e+01
3.953584593984962225e+01
3.987469300751879331e+01
4.021354007518796436e+01
4.055238714285714252e+01
4.089123421052631357e+01
4.123008127819548463e+01
4.156892834586466279e+01
4.190777541353382674e+01
4.224662248120300490e+01
4.258546954887217595e+01
4.292431661654134700e+01
4.326316368421052516e+01
4.360201075187969622e+01
4.394085781954886727e+01
4.427970488721804543e+01
4.461855195488720938e+01
4.495739902255638754e+01
4.529624609022555859e+01
4.563509315789472964e+01
4.597394022556390780e+01
4.631278729323307886e+01
4.665163436090224991e+01
4.699048142857142096e+01
4.732932849624059912e+01
4.766817556390977018e+01
4.800702263157894123e+01
4.834586969924811939e+01
4.868471676691729044e+01
4.902356383458646150e+01
4.936241090225563255e+01
4.970125796992481071e+01
5.004010503759398176e+01
5.037895210526315282e+01
5.071779917293232387e+01
5.105664624060150203e+01
5.139549330827067308e+01
5.173434037593984414e+01
5.207318744360901519e+01
5.241203451127819335e+01
5.275088157894736440e+01
5.308972864661653546e+01
5.342857571428570651e+01
5.376742278195488467e+01
5.410626984962405572e+01
5.444511691729322678e+01
5.478396398496239783e+01
5.512281105263157599e+01
5.546165812030074704e+01
5.580050518796991810e+01
5.613935225563908915e+01
5.647819932330826731e+01
5.681704639097743836e+01
5.715589345864660942e+01
5.749474052631578047e+01
5.783358759398495863e+01
5.817243466165412968e+01
5.851128172932330074e+01
5.885012879699247890e+01
5.918897586466164995e+01
5.952782293233082100e+01
5.986666999999999206e+01
6.020551706766917022e+01
6.054436413533834127e+01
6.088321120300751232e+01
6.122205827067668338e+01
6.156090533834586154e+01
6.189975240601503259e+01
6.223859947368420364e+01
6.257744654135337470e+01
6.291629360902255286e+01
6.325514067669172391e+01
6.359398774436089496e+01
6.393283481203006602e+01
6.427168187969924418e+01
6.461052894736840813e+01
6.494937601503758628e+01
6.528822308270676444e+01
6.562707015037594260e+01
6.596591721804510655e+01
6.630476428571427050e+01
6.664361135338344866e+01
6.698245842105262682e+01
6.732130548872180498e+01
6.766015255639096893e+01
6.799899962406013287e+01
6.833784669172931103e+01
6.867669375939848919e+01
6.901554082706766735e+01
6.935438789473684551e+01
6.969323496240600946e+01
7.003208203007517341e+01
7.037092909774435157e+01
7.070977616541352972e+01
7.104862323308270788e+01
7.138747030075187183e+01
7.172631736842103578e+01
7.206516443609021394e+01
7.240401150375939210e+01
7.274285857142857026e+01
7.308170563909773421e+01
7.342055270676691237e+01
7.375939977443607631e+01
7.409824684210525447e+01
7.443709390977443263e+01
7.477594097744361079e+01
7.511478804511277474e+01
7.545363511278193869e+01
7.579248218045111685e+01
7.613132924812029501e+01
7.647017631578947316e+01
7.680902338345863711e+01
7.714787045112780106e+01
7.748671751879697922e+01
7.782556458646615738e+01
7.816441165413533554e+01
7.850325872180449949e+01
7.884210578947367765e+01
7.918095285714284159e+01
7.951979992481201975e+01
7.985864699248119791e+01
8.019749406015036186e+01
8.053634112781954002e+01
8.087518819548871818e+01
8.121403526315788213e+01
8.155288233082706029e+01
8.189172939849623845e+01
8.223057646616540239e+01
8.256942353383458055e+01
8.290827060150374450e+01
8.324711766917292266e+01
8.358596473684210082e+01
8.392481180451126477e+01
8.426365887218044293e+01
8.460250593984962109e+01
8.494135300751878503e+01
8.528020007518796319e+01
8.561904714285712714e+01
8.595789421052630530e+01
8.629674127819548346e+01
8.663558834586464741e+01
8.697443541353382557e+01
8.731328248120300373e+01
8.765212954887216767e+01
8.799097661654134583e+01
8.832982368421050978e+01
8.866867075187968794e+01
8.900751781954886610e+01
8.934636488721803005e+01
8.968521195488720821e+01
9.002405902255638637e+01
9.036290609022555032e+01
9.070175315789472847e+01
9.104060022556390663e+01
9.137944729323307058e+01
9.171829436090224874e+01
9.205714142857141269e+01
9.239598849624059085e+01
9.273483556390976901e+01
9.307368263157893296e+01
9.341252969924811111e+01
9.375137676691728927e+01
9.409022383458645322e+01
9.442907090225563138e+01
9.476791796992479533e+01
9.510676503759397349e+01
9.544561210526315165e+01
9.578445917293231560e+01
9.612330624060149376e+01
9.646215330827067191e+01
9.680100037593983586e+01
9.713984744360901402e+01
9.747869451127817797e+01
9.781754157894735613e+01
9.815638864661653429e+01
9.849523571428569824e+01
9.883408278195487640e+01
9.917292984962405455e+01
9.951177691729321850e+01
9.985062398496239666e+01
1.001894710526315606e+02
1.005283181203007388e+02
1.008671651879699169e+02
1.012060122556390809e+02
1.015448593233082590e+02
1.018837063909774372e+02
1.022225534586466011e+02
1.025614005263157793e+02
1.029002475939849575e+02
1.032390946616541214e+02
1.035779417293232996e+02
1.039167887969924635e+02
1.042556358646616417e+02
1.045944829323308198e+02
1.049333299999999838e+02
1.052721770676691619e+02
1.056110241353383401e+02
1.059498712030075041e+02
1.062887182706766822e+02
1.066275653383458462e+02
1.069664124060150243e+02
1.073052594736842025e+02
1.076441065413533664e+02
1.079829536090225446e+02
1.083218006766917227e+02
1.086606477443608867e+02
1.089994948120300648e+02
1.093383418796992288e+02
1.096771889473684070e+02
1.100160360150375851e+02
1.103548830827067491e+02
1.106937301503759272e+02
1.110325772180451054e+02
1.113714242857142693e+02
1.117102713533834475e+02
1.120491184210526114e+02
1.123879654887217896e+02
1.127268125563909678e+02
1.130656596240601317e+02
1.134045066917293099e+02
1.137433537593984880e+02
1.140822008270676520e+02
1.144210478947368301e+02
1.147598949624060083e+02
1.150987420300751722e+02
1.154375890977443504e+02
1.157764361654135143e+02
1.161152832330826925e+02
1.164541303007518707e+02
1.167929773684210346e+02
1.171318244360902128e+02
1.174706715037593909e+02
1.178095185714285549e+02
1.181483656390977330e+02
1.184872127067668970e+02
1.188260597744360751e+02
1.191649068421052533e+02
1.195037539097744173e+02
1.198426009774435954e+02
1.201814480451127736e+02
1.205202951127819375e+02
1.208591421804511157e+02
1.211979892481202796e+02
1.215368363157894578e+02
1.218756833834586359e+02
1.222145304511277999e+02
1.225533775187969781e+02
1.228922245864661562e+02
1.232310716541353202e+02
1.235699187218044983e+02
1.239087657894736765e+02
1.242476128571428404e+02
1.245864599248120186e+02
1.249253069924811825e+02
1.252641540601503607e+02
1.256030011278195389e+02
1.259418481954887028e+02
1.262806952631578810e+02
1.266195423308270591e+02
1.269583893984962231e+02
1.272972364661654012e+02
1.276360835338345652e+02
1.279749306015037433e+02
1.283137776691729073e+02
1.286526247368420854e+02
1.289914718045112636e+02
1.293303188721804418e+02
1.296691659398496199e+02
1.300080130075187981e+02
1.303468600751879478e+02
1.306857071428571260e+02
1.310245542105263041e+02
1.313634012781954539e+02
1.317022483458646320e+02
1.320410954135338102e+02
1.323799424812029883e+02
1.327187895488721665e+02
1.330576366165413447e+02
1.333964836842105228e+02
1.337353307518797010e+02
1.340741778195488507e+02
1.344130248872180289e+02
1.347518719548872070e+02
1.350907190225563568e+02
1.354295660902255349e+02
1.357684131578947131e+02
1.361072602255638913e+02
1.364461072932330694e+02
1.367849543609022476e+02
1.371238014285714257e+02
1.374626484962406039e+02
1.378014955639097536e+02
1.381403426315789318e+02
1.384791896992481099e+02
1.388180367669172597e+02
1.391568838345864378e+02
1.394957309022556160e+02
1.398345779699247942e+02
1.401734250375939723e+02
1.405122721052631505e+02
1.408511191729323286e+02
1.411899662406015068e+02
1.415288133082706565e+02
1.418676603759398347e+02
1.422065074436089844e+02
1.425453545112781626e+02
1.428842015789473407e+02
1.432230486466165189e+02
1.435618957142856971e+02
1.439007427819548752e+02
1.442395898496240534e+02
1.445784369172932315e+02
1.449172839849624097e+02
1.452561310526315879e+02
1.455949781203007092e+02
1.459338251879698873e+02
1.462726722556390655e+02
1.466115193233082437e+02
1.469503663909774218e+02
1.472892134586466000e+02
1.476280605263157781e+02
1.479669075939849563e+02
1.483057546616541345e+02
1.486446017293233126e+02
1.489834487969924908e+02
1.493222958646616121e+02
1.496611429323307902e+02
1.499999899999999968e+02
