7.721125928455615517e-01
7.901927293105469596e-01
8.082728657755321455e-01
8.263530022405174424e-01
8.444331387055028504e-01
8.625132751704880363e-01
8.805934116354733332e-01
8.986735481004587411e-01
9.167536845654439270e-01
9.349541969015575660e-01
9.500933915062329538e-01
9.652325861109082306e-01
9.803717807155833963e-01
9.955109753202585621e-01
1.010650169924933950e+00
1.025789364529609449e+00
1.040928559134284503e+00
1.055921031361499951e+00
1.069080205496808711e+00
1.082239379632117471e+00
1.095398553767425565e+00
1.108557727902734324e+00
1.121716902038043084e+00
1.134876076173351400e+00
1.148035250308659938e+00
1.160364191741207751e+00
1.172374597050553247e+00
1.184385002359898964e+00
1.196395407669244682e+00
1.208405812978590399e+00
1.220416218287936116e+00
1.232426623597282056e+00
1.243943718437432233e+00
1.255426246151491343e+00
1.266908773865550231e+00
1.278391301579609118e+00
1.289873829293668228e+00
1.301356357007727116e+00
1.312825029259575782e+00
1.324268591027098596e+00
1.335712152794621854e+00
1.347155714562144668e+00
1.358599276329667704e+00
1.370042838097190518e+00
1.381780459767417257e+00
1.393583301801387453e+00
1.405386143835357649e+00
1.417188985869327844e+00
1.428991827903298040e+00
1.441137471358858058e+00
1.453656910142038017e+00
1.466176348925218642e+00
1.478695787708399045e+00
1.491215226491579449e+00
1.504214572142275941e+00
1.517789727585140191e+00
1.531364883028004220e+00
1.544940038470868471e+00
1.558515193913732944e+00
1.573075941665847299e+00
1.588052400610932224e+00
1.603028859556016705e+00
1.618005318501101852e+00
1.633405141691483431e+00
1.650101181363856417e+00
1.666797221036229626e+00
1.683493260708602390e+00
1.700566415078095917e+00
1.719237927707619740e+00
1.737909440337144673e+00
1.756580952966668496e+00
1.776270856952075317e+00
1.797283539077322523e+00
1.818296221202570617e+00
1.839308903327818490e+00
1.862588713820781283e+00
1.886332069807328704e+00
1.910075425793876125e+00
1.935147682691263471e+00
1.962023794063080029e+00
1.988899905434897475e+00
2.016445410689471807e+00
2.046883885605758735e+00
2.077322360522046107e+00
2.108322965512323677e+00
2.142782273289143724e+00
2.177241581065963327e+00
2.212795129115959547e+00
2.251770509348271165e+00
2.290745889580582784e+00
2.332355409085695719e+00
2.376367792896430853e+00
2.420380176707166431e+00
2.469680963478847691e+00
2.519276616665730995e+00
2.571966162512138609e+00
2.627740142000173584e+00
2.684950605805412671e+00
2.747845024827775262e+00
2.810739443850136965e+00
2.880108046535796440e+00
2.950887131013257392e+00
3.027680734262644613e+00
3.107049341182639868e+00
3.192708479921977816e+00
3.281618850449367741e+00
3.377127243737859441e+00
3.476516171927154453e+00
3.584702113029299309e+00
3.693986679573139309e+00
3.368103023916121597e+00
3.278102337672428312e+00
3.188570082059070110e+00
3.106501892552409938e+00
3.026395473866364316e+00
2.952357235706922101e+00
2.880156205321072083e+00
2.813712677517374861e+00
2.747717234598622937e+00
2.688472104300981602e+00
2.629226974003339379e+00
2.574389713755434794e+00
2.521278714105116503e+00
2.471957994197591546e+00
2.424209550829611537e+00
2.378330630862525386e+00
2.335912634222562456e+00
2.293494637582598195e+00
2.254230322947242016e+00
2.216717646516421780e+00
2.179204970085600657e+00
2.145692049287227121e+00
2.112576855637922524e+00
2.079295855267205617e+00
2.050159480011050306e+00
2.021023104754895439e+00
1.991852730340674560e+00
1.966108024663868026e+00
1.940363318987061936e+00
1.914618613310255180e+00
1.891618183828278843e+00
1.869026019710857689e+00
1.846433855593436091e+00
1.825222926362283449e+00
1.805530901076600525e+00
1.785838875790918268e+00
1.766146850505236010e+00
1.748229361734044085e+00
1.731130086211692065e+00
1.714030810689340933e+00
1.696770917062369932e+00
1.681843907909197577e+00
1.666916898756025445e+00
1.651989889602853534e+00
1.637045420766268577e+00
1.624060606131749074e+00
1.611075791497229348e+00
1.598090976862709844e+00
1.585106162228190341e+00
1.573427395812311724e+00
1.562185603505901632e+00
1.550943811199490874e+00
1.539702018893081226e+00
1.528701014740708741e+00
1.519036637362766395e+00
1.509372259984822717e+00
1.499707882606880149e+00
1.490043505228936693e+00
1.480612408014047254e+00
1.472333116366119299e+00
1.464053824718191565e+00
1.455774533070264054e+00
1.447495241422336543e+00
1.439215949774408809e+00
1.431812463082614117e+00
1.424783174806630859e+00
1.417753886530647156e+00
1.410724598254664119e+00
1.403695309978680417e+00
1.396666021702696936e+00
1.390460883849474749e+00
1.384461111634691655e+00
1.378461339419908338e+00
1.372461567205125466e+00
1.366461794990342371e+00
1.360462022775559499e+00
1.355166123576329484e+00
1.350038266224503403e+00
1.344910408872677099e+00
1.339782551520850795e+00
1.334654694169024491e+00
1.329526836817198410e+00
1.324398979465371884e+00
1.320133081555183718e+00
1.315820919589564708e+00
1.311508757623945476e+00
1.307196595658326466e+00
1.302884433692707455e+00
1.298572271727088223e+00
1.294260109761468769e+00
1.290240158501202439e+00
1.286595665172385772e+00
1.282951171843569105e+00
1.279306678514752216e+00
1.275662185185935771e+00
1.272017691857118882e+00
1.268373198528302437e+00
1.264728705199485548e+00
1.261370897106163680e+00
1.258285037742358670e+00
1.255199178378553437e+00
1.252113319014748205e+00
1.249027459650943195e+00
1.245941600287137963e+00
1.242855740923332508e+00
1.239769881559527498e+00
1.236684022195722710e+00
1.234022230400107834e+00
1.231412637517173225e+00
1.228803044634238617e+00
1.226193451751304231e+00
1.223583858868369401e+00
1.220974265985434570e+00
1.218364673102500184e+00
1.215755080219565132e+00
1.213145487336630746e+00
1.210535894453696137e+00
1.208357811450135211e+00
1.206155971867414411e+00
1.203954132284693612e+00
1.201752292701972813e+00
1.199550453119252236e+00
1.197348613536531214e+00
1.195146773953810415e+00
1.192944934371089838e+00
1.190743094788369039e+00
1.188541255205648239e+00
1.186339415622927440e+00
1.184559003037918057e+00
1.182672985677225785e+00
1.180786968316533070e+00
1.178900950955840576e+00
1.177014933595148083e+00
1.175128916234455811e+00
1.173242898873763096e+00
1.171356881513070602e+00
1.169470864152378109e+00
1.167584846791685615e+00
1.165698829430993122e+00
1.163812812070300629e+00
1.162274274732219670e+00
1.160630678873005417e+00
1.158987083013791386e+00
1.157343487154576911e+00
1.155699891295362880e+00
1.154056295436148405e+00
1.152412699576934374e+00
1.150769103717720121e+00
1.149125507858505868e+00
1.147481911999291615e+00
1.145838316140077362e+00
1.144194720280863109e+00
1.142551124421648856e+00
1.141126938603554741e+00
1.139666694700508742e+00
1.138206450797462743e+00
1.136746206894416744e+00
1.135285962991370745e+00
1.133825719088324746e+00
1.132365475185278969e+00
1.130905231282232970e+00
1.129444987379187193e+00
1.127984743476140972e+00
1.126524499573095417e+00
1.125064255670049418e+00
1.123604011767003419e+00
1.122143767863957420e+00
1.120683523960911421e+00
1.119223280057865422e+00
1.117925973137564810e+00
1.116571733057806659e+00
1.115217492978048508e+00
1.113863252898290357e+00
1.112509012818532206e+00
1.111154772738773833e+00
1.109800532659015904e+00
1.108446292579257753e+00
1.107092052499499601e+00
1.105737812419741450e+00
1.104383572339983299e+00
1.103029332260225148e+00
1.101675092180466775e+00
1.100320852100708846e+00
1.098966612020950473e+00
1.097612371941192322e+00
1.096258131861434171e+00
1.094993740889396605e+00
1.093647468258119204e+00
1.092301195626842025e+00
1.090954922995564402e+00
1.089608650364287445e+00
1.088262377733010045e+00
1.086916105101732644e+00
1.085569832470455465e+00
1.084223559839178064e+00
1.082877287207900663e+00
1.081531014576623262e+00
1.080184741945346083e+00
1.078838469314068904e+00
1.077492196682791503e+00
1.076145924051514102e+00
1.074799651420236701e+00
1.073453378788959522e+00
1.072107106157681899e+00
1.070760833526404721e+00
1.069414560895127542e+00
1.068106043823269680e+00
1.066641339893918294e+00
1.065176635964566909e+00
1.063711932035215746e+00
1.062247228105864361e+00
1.060782524176513197e+00
1.059317820247162034e+00
1.057853116317810649e+00
1.056388412388459264e+00
1.054923708459107878e+00
1.053459004529756715e+00
1.051994300600405552e+00
1.050529596671054167e+00
1.049064892741702781e+00
1.047600188812351618e+00
1.046135484883000455e+00
1.044670780953649070e+00
1.043206077024297684e+00
1.041741373094946299e+00
1.040276669165594914e+00
1.038811965236243751e+00
1.037347261306892587e+00
1.035882557377541202e+00
1.034555249521303288e+00
1.032769238355218056e+00
1.030983227189133045e+00
1.029197216023048034e+00
1.027411204856962579e+00
1.025625193690877568e+00
1.023839182524792557e+00
1.022053171358707324e+00
1.020267160192622091e+00
1.018481149026537080e+00
1.016695137860452069e+00
1.014909126694367059e+00
1.013123115528281604e+00
1.011337104362196593e+00
1.009551093196111360e+00
1.007765082030026349e+00
1.005979070863941116e+00
1.004193059697856105e+00
1.002407048531771094e+00
1.000621037365685639e+00
9.988350261996005175e-01
9.970490150335155066e-01
9.952630038674303847e-01
9.934769927013452628e-01
9.916909815352599189e-01
9.899049703691749080e-01
9.881189592030898972e-01
9.863329480370047753e-01
9.839402539383478308e-01
9.814889976197561650e-01
9.790377413011648322e-01
9.765864849825730554e-01
9.741352286639815006e-01
9.716839723453898348e-01
9.692327160267986130e-01
9.667814597082067252e-01
9.643302033896151704e-01
9.618789470710235046e-01
9.594276907524319498e-01
9.569764344338403950e-01
9.545251781152488402e-01
9.520739217966571744e-01
9.496226654780656196e-01
9.471714091594740648e-01
9.447201528408825100e-01
9.422688965222911772e-01
9.398176402036992894e-01
9.373663838851077346e-01
9.349151275665162908e-01
9.324638712479248470e-01
9.300126149293331812e-01
9.275613586107414044e-01
9.251101022921499606e-01
9.226588459735584058e-01
9.202075896549666290e-01
9.177563333363751852e-01
9.153050770177836304e-01
9.128538206991921866e-01
9.104025643806005208e-01
9.079513080620087440e-01
9.055000517434173002e-01
