-4.751857639697235243e-03
-2.173160066711721586e-02
-3.871134369453720081e-02
-5.569108672195718923e-02
-7.267082974937717765e-02
-7.214295680368382202e-02
-6.259759201576033105e-02
-5.305222722783672906e-02
-4.350686243991323116e-02
-3.396149765198962917e-02
-2.441613286406614167e-02
-1.957971574618354652e-02
-3.543524080182485804e-03
1.249266758581873624e-02
2.852885925181979435e-02
4.456505091782102246e-02
6.060124258382208751e-02
6.915475872123595658e-02
8.770701399210768801e-02
1.062592692629796276e-01
1.248115245338513729e-01
1.470939882668920173e-01
1.643765740342895132e-01
1.816591598016871478e-01
1.989417455690846992e-01
2.162243313364823338e-01
2.335069171038799962e-01
2.507895028712775476e-01
2.680720886386749324e-01
2.837336375518055287e-01
2.968274525100513261e-01
3.099212674682970681e-01
3.230150824265427545e-01
3.361088973847886630e-01
3.492027123430345159e-01
3.622965273012802578e-01
3.753903422595259443e-01
3.884841572177717417e-01
4.063427670547623549e-01
4.164816770910951815e-01
4.266205871274278971e-01
4.367594971637608903e-01
4.468984072000937169e-01
4.570373172364264880e-01
4.671762272727593146e-01
4.773151373090921412e-01
4.874540473454250789e-01
4.975929573817579055e-01
5.172804195582259013e-01
5.267407857664544446e-01
5.362011519746832100e-01
5.456615181829118644e-01
5.551218843911406298e-01
5.645822505993689511e-01
5.740426168075979385e-01
5.835029830158264819e-01
6.117401532407549247e-01
6.168965495517698683e-01
6.220529458627848118e-01
6.272093421737996444e-01
6.323657384848146989e-01
6.375221347958294205e-01
6.426785311068444750e-01
6.478349274178593076e-01
6.529913237288742511e-01
6.581477200398891947e-01
6.633041163509042493e-01
6.684605126619191928e-01
6.736169089729340254e-01
6.787733052839489689e-01
6.839297015949638014e-01
6.890860979059787450e-01
6.942424942169935775e-01
6.993988905280085211e-01
7.045552868390234647e-01
7.097116831500384082e-01
7.148680794610534628e-01
7.200244757720682953e-01
7.251808720830832389e-01
7.303372683940981824e-01
7.409875056031367535e-01
7.165336523173884142e-01
7.620836988492564190e-01
7.655127284687213152e-01
7.689417580881863223e-01
7.723707877076513295e-01
7.757998173271161146e-01
7.792288469465813439e-01
7.826578765660461290e-01
7.860869061855111362e-01
7.895159358049760323e-01
7.929449654244410395e-01
7.963739950439061577e-01
7.998030246633710538e-01
8.032320542828360610e-01
8.066610839023010682e-01
8.100901135217660753e-01
8.135191431412309715e-01
8.169481727606958676e-01
8.203772023801609858e-01
8.238062319996258820e-01
8.272352616190908892e-01
8.306642912385558963e-01
8.340933208580209035e-01
8.375223504774859107e-01
8.409513800969506958e-01
8.443804097164155920e-01
8.478094393358805991e-01
8.512384689553456063e-01
8.546674985748106135e-01
8.580965281942755096e-01
8.615255578137406278e-01
8.649545874332055240e-01
8.683836170526705311e-01
8.718126466721355383e-01
8.752416762916004345e-01
8.589244698794954447e-01
8.603341880180462864e-01
8.617439061565971281e-01
8.631536242951479698e-01
8.645633424336988115e-01
8.855167474599415778e-01
8.872701367035230602e-01
8.890235259471043205e-01
8.907769151906854699e-01
8.925303044342670633e-01
8.942836936778483237e-01
8.960370829214295840e-01
8.977904721650109554e-01
8.995438614085922158e-01
9.012972506521738092e-01
9.030506398957550696e-01
9.048040291393363299e-01
9.065574183829175903e-01
9.083108076264989617e-01
9.100641968700803330e-01
9.118175861136618154e-01
9.135709753572429648e-01
9.153243646008243362e-01
9.170777538444058186e-01
9.188311430879869679e-01
9.205845323315683393e-01
9.223379215751498217e-01
9.240913108187310820e-01
9.258447000623123424e-01
9.275980893058938248e-01
9.293514785494751962e-01
9.311048677930563455e-01
9.328582570366378279e-01
9.346116462802191993e-01
9.305606149288265794e-01
9.313443759994174398e-01
9.321281370700081892e-01
9.329118981405994937e-01
9.336956592111903541e-01
9.344794202817811035e-01
9.352631813523721860e-01
9.360469424229630464e-01
9.368307034935542399e-01
9.438902275852876222e-01
9.448038786012119550e-01
9.457175296171358436e-01
9.466311806330599543e-01
9.475448316489839540e-01
9.484584826649080647e-01
9.493721336808320643e-01
9.502857846967561750e-01
9.511994357126801747e-01
9.521130867286042854e-01
9.530267377445283961e-01
9.539403887604521737e-01
9.548540397763762844e-01
9.557676907923003951e-01
9.566813418082245057e-01
9.575949928241485054e-01
9.585086438400726161e-01
9.594222948559966158e-01
9.603359458719207264e-01
9.612495968878445041e-01
9.621632479037686148e-01
9.630768989196927254e-01
9.639905499356168361e-01
9.649042009515408358e-01
9.658178519674648355e-01
9.652022442074925657e-01
9.657243199021143809e-01
9.662463955967360851e-01
9.667684712913577894e-01
9.672905469859793826e-01
9.678126226806010868e-01
9.683346983752227910e-01
9.688567740698442732e-01
9.693788497644659774e-01
9.699009254590879037e-01
9.704230011537093858e-01
9.709450768483313121e-01
9.714671525429526833e-01
9.746799355852416857e-01
9.750925334395651456e-01
9.755051312938886054e-01
9.759177291482120653e-01
9.763303270025355252e-01
9.767429248568588740e-01
9.771555227111824449e-01
9.775681205655057937e-01
9.779807184198292536e-01
9.783933162741527134e-01
9.788059141284760623e-01
9.792185119827996331e-01
9.796311098371229820e-01
9.800437076914465528e-01
9.804563055457700127e-01
9.808689034000933615e-01
9.812815012544168214e-01
9.816940991087403923e-01
9.821066969630637411e-01
9.825192948173872010e-01
9.829318926717106608e-01
9.833444905260341207e-01
9.837570883803575805e-01
9.841696862346810404e-01
9.845822840890041672e-01
9.849948819433277380e-01
9.854074797976510869e-01
9.852091107865051933e-01
9.853549039768677575e-01
9.855006971672303218e-01
9.856464903575926639e-01
9.857922835479551171e-01
9.859380767383176813e-01
9.860838699286802456e-01
9.862296631190425877e-01
9.863754563094051520e-01
9.865212494997673831e-01
9.866670426901299473e-01
9.868128358804924005e-01
9.869586290708549647e-01
9.871044222612174179e-01
9.872502154515797601e-01
9.873960086419423243e-01
9.901187923059270313e-01
9.902972381230954468e-01
9.904756839402639734e-01
9.906541297574323890e-01
9.908325755746008046e-01
9.910110213917691091e-01
9.911894672089375247e-01
9.913679130261060513e-01
9.915463588432743558e-01
9.917248046604426603e-01
9.919032504776111869e-01
9.920816962947794915e-01
9.922601421119477960e-01
9.924385879291164336e-01
9.926170337462847382e-01
9.927954795634532648e-01
9.929739253806215693e-01
9.931523711977898738e-01
9.933308170149581784e-01
9.935092628321268160e-01
9.936877086492951205e-01
9.938661544664634251e-01
9.940446002836318407e-01
9.942230461008002562e-01
9.944014919179685608e-01
9.945799377351371984e-01
9.947583835523055029e-01
9.949368293694738075e-01
9.951152751866421120e-01
9.952937210038106386e-01
9.954721668209789431e-01
9.956506126381473587e-01
9.958290584553156632e-01
9.960075042724841898e-01
9.961859500896526054e-01
9.953102316543750439e-01
9.953161501103267028e-01
9.953220685662783618e-01
9.953279870222299097e-01
9.953339054781814577e-01
9.953398239341332276e-01
9.953457423900847756e-01
9.953516608460363235e-01
9.953575793019878715e-01
9.969225206419862761e-01
9.969776879389410373e-01
9.970328552358956875e-01
9.970880225328505597e-01
9.971431898298052099e-01
9.971983571267600821e-01
9.972535244237147323e-01
9.973086917206694935e-01
9.973638590176242547e-01
9.974190263145790158e-01
9.974741936115338881e-01
9.975293609084886493e-01
9.975845282054431884e-01
9.976396955023978386e-01
9.976948627993527108e-01
9.977500300963073609e-01
9.978051973932622332e-01
9.978603646902169944e-01
9.979155319871716445e-01
9.979706992841264057e-01
9.980258665810811669e-01
9.980810338780358171e-01
9.981362011749905783e-01
9.981913684719453395e-01
9.982465357689002117e-01
9.983017030658549729e-01
9.983568703628096230e-01
9.984120376597643842e-01
9.984672049567190344e-01
9.985223722536736846e-01
9.985775395506285568e-01
9.986327068475833180e-01
9.986878741445379681e-01
9.990477274642503014e-01
9.991262348736621446e-01
9.992047422830738768e-01
9.992832496924858310e-01
9.993617571018975632e-01
9.994402645113095174e-01
9.995187719207212496e-01
9.995972793301329817e-01
9.985718693662307688e-01
9.986071643543926735e-01
9.986424593425544671e-01
9.991532167351450111e-01
9.991763124127330808e-01
9.991994080903210396e-01
9.992225037679089983e-01
9.992455994454971790e-01
9.992686951230852488e-01
9.992917908006732075e-01
9.993148864782613883e-01
9.993379821558492360e-01
9.993610778334374167e-01
9.993841735110254865e-01
9.994072691886135562e-01
9.994303648662015149e-01
9.994534605437895847e-01
9.994765562213776544e-01
9.994996518989655021e-01
9.995227475765536829e-01
9.995458432541417526e-01
9.995689389317297113e-01
9.995920346093178921e-01
9.996151302869058508e-01
9.996382259644938095e-01
9.996613216420821013e-01
9.996844173196700600e-01
9.997075129972579077e-01
9.997306086748460885e-01
9.997537043524341582e-01
9.997768000300222280e-01
9.997998957076100757e-01
9.998229913851982564e-01
9.998460870627862151e-01
9.998691827403743959e-01
9.998792497089074027e-01
9.998823650367897331e-01
9.998854803646723965e-01
9.998885956925548379e-01
9.998917110204371683e-01
9.998948263483194987e-01
9.998979416762019401e-01
9.999010570040844925e-01
9.999041723319668229e-01
9.999072876598492643e-01
9.999104029877317057e-01
9.999135183156140361e-01
9.999166336434963664e-01
9.999197489713788078e-01
9.999228642992613603e-01
9.999259796271436906e-01
9.999290949550260210e-01
9.999322102829085734e-01
9.999353256107909038e-01
9.999384409386732342e-01
9.999415562665556756e-01
9.999446715944382280e-01
9.999477869223205584e-01
9.999509022502029998e-01
9.999540175780854412e-01
9.999571329059677716e-01
9.999602482338501019e-01
9.999633635617327654e-01
9.999664788896150958e-01
9.999695942174974261e-01
9.999727095453798675e-01
9.999758248732623089e-01
9.999789402011447503e-01
9.999820555290269697e-01
9.999851708569096331e-01
9.999882861847919635e-01
1.000153575250683602e+00
1.000174517208697322e+00
1.000195459166711043e+00
1.000216401124724541e+00
