8.915066359904109117e-01
9.046731035575035218e-01
9.178395711245959099e-01
9.310060386916882980e-01
9.441725062587805750e-01
9.573389738258732962e-01
9.705054413929655732e-01
9.836719089600581833e-01
9.968383765271505714e-01
1.010004844094242848e+00
1.023171311661335015e+00
1.036337779228427847e+00
1.049504246795520013e+00
1.062670714362612623e+00
1.075837181929704789e+00
1.089003649496797399e+00
1.102170117063889787e+00
1.115336584630982175e+00
1.128503052198074563e+00
1.141669519765167173e+00
1.154835987332259561e+00
1.168002454899351950e+00
1.181168922466444560e+00
1.194335390033536726e+00
1.207501857600629114e+00
1.220668325167721502e+00
1.233834792734813890e+00
1.247001260301906500e+00
1.260167727868998888e+00
1.273334195436091276e+00
1.286500663003183886e+00
1.299667130570276052e+00
1.312833598137368663e+00
1.326000065704460829e+00
1.339166533271553439e+00
1.352333000838645827e+00
1.365499468405738215e+00
1.378665935972830603e+00
1.386720767485274619e+00
1.399223263708645471e+00
1.411725759932016544e+00
1.424228256155387617e+00
1.436730752378758247e+00
1.449233248602129098e+00
1.461735744825500172e+00
1.474238241048871245e+00
1.486740737272242097e+00
1.499243233495612948e+00
1.511745729718984022e+00
1.524248225942355095e+00
1.536750722165725724e+00
1.549253218389096798e+00
1.561755714612467649e+00
1.574258210835838945e+00
1.586760707059209796e+00
1.599263203282580870e+00
1.611765699505951943e+00
1.624268195729322573e+00
1.636770691952693646e+00
1.649273188176064719e+00
1.661775684399435349e+00
1.674278180622806200e+00
1.686780676846177496e+00
1.699283173069548347e+00
1.711785669292919421e+00
1.738749451160720660e+00
1.761816806678239811e+00
1.784884162195759405e+00
1.807951517713278333e+00
1.831018873230797706e+00
1.854086228748316856e+00
1.877153584265836228e+00
1.900220939783355156e+00
1.923288295300874973e+00
1.946355650818394345e+00
1.969423006335913273e+00
1.992490361853432868e+00
2.015557717370951796e+00
2.038625072888471390e+00
2.061692428405990540e+00
2.084759783923509691e+00
2.107827139441028841e+00
2.130894494958548435e+00
2.153961850476067585e+00
2.181689111662920677e+00
2.226842899961510192e+00
2.271996688260099706e+00
2.317150476558689665e+00
2.362304264857279179e+00
2.407458053155868694e+00
2.452611841454458652e+00
2.497765629753048167e+00
2.542919418051637681e+00
2.588073206350228084e+00
2.633226994648816710e+00
2.678380782947406225e+00
2.723534571245996183e+00
2.768688359544586586e+00
2.849712361016255802e+00
2.930014542742693795e+00
3.010316724469133121e+00
3.090618906195571558e+00
3.170921087922011772e+00
3.251223269648448877e+00
3.331525451374888203e+00
3.411827633101327528e+00
3.492129814827765966e+00
3.572431996554206179e+00
3.652734178280642396e+00
3.733036360007082610e+00
3.334727894854164543e+00
3.267258094441774841e+00
3.199788294029385582e+00
3.132318493616995436e+00
3.064848693204605734e+00
2.997378892792216032e+00
2.929909092379826330e+00
2.862439291967436628e+00
2.794969491555046925e+00
2.727499691142657223e+00
2.660029890730267965e+00
2.577759321353702227e+00
2.537466227503045069e+00
2.497173133652388355e+00
2.456880039801731197e+00
2.416586945951074483e+00
2.376293852100418214e+00
2.336000758249761500e+00
2.295707664399104342e+00
2.255414570548447628e+00
2.215121476697790914e+00
2.174828382847134201e+00
2.134535288996477487e+00
2.094242195145820329e+00
2.044807574417564222e+00
2.023198126391609897e+00
2.001588678365655571e+00
1.979979230339701690e+00
1.958369782313748031e+00
1.936760334287793262e+00
1.915150886261839380e+00
1.893541438235885055e+00
1.871931990209930063e+00
1.850322542183976848e+00
1.828713094158021635e+00
1.807103646132067309e+00
1.785494198106112984e+00
1.763884750080159103e+00
1.742275302054205000e+00
1.720665854028250674e+00
1.699056406002296571e+00
1.677446957976342246e+00
1.657826437602293312e+00
1.646872789741127496e+00
1.635919141879961680e+00
1.624965494018795864e+00
1.614011846157630270e+00
1.603058198296464676e+00
1.592104550435298416e+00
1.581150902574132822e+00
1.570197254712967228e+00
1.559243606851801189e+00
1.548289958990635595e+00
1.537336311129469557e+00
1.526382663268304185e+00
1.515429015407138147e+00
1.504475367545972553e+00
1.493521719684806515e+00
1.482568071823640476e+00
1.471614423962474660e+00
1.460660776101309288e+00
1.449707128240143472e+00
1.438753480378977656e+00
1.427799832517812062e+00
1.416846184656646024e+00
1.405892536795480430e+00
1.396626986088302935e+00
1.391519702124109248e+00
1.386412418159915783e+00
1.381305134195722095e+00
1.376197850231529074e+00
1.371090566267335609e+00
1.365983282303141921e+00
1.360875998338948678e+00
1.355768714374754991e+00
1.350661430410561747e+00
1.345554146446367838e+00
1.340446862482174595e+00
1.335339578517981129e+00
1.330232294553787664e+00
1.325125010589594199e+00
1.320017726625400956e+00
1.314910442661207268e+00
1.309803158697014025e+00
1.304695874732820782e+00
1.299588590768627094e+00
1.294481306804433629e+00
1.289374022840240608e+00
1.284266738876046698e+00
1.279159454911853011e+00
1.274052170947659768e+00
1.268944886983466303e+00
1.263837603019272837e+00
1.258730319055079372e+00
1.253623035090886129e+00
1.248515751126692441e+00
1.243408467162499420e+00
1.238301183198305511e+00
1.233193899234112489e+00
1.232116469492823718e+00
1.229454294118446089e+00
1.226792118744068461e+00
1.224129943369691054e+00
1.221467767995313647e+00
1.218805592620936018e+00
1.216143417246558833e+00
1.213481241872181426e+00
1.210819066497804020e+00
1.208156891123426391e+00
1.205494715749048984e+00
1.202832540374671577e+00
1.200170365000294170e+00
1.197508189625916541e+00
1.194846014251539357e+00
1.192183838877161728e+00
1.189521663502784321e+00
1.186859488128406692e+00
1.184197312754029063e+00
1.181535137379651657e+00
1.178872962005274250e+00
1.176210786630896843e+00
1.173548611256519658e+00
1.170886435882141807e+00
1.168224260507764400e+00
1.165562085133386994e+00
1.162899909759009587e+00
1.160237734384632180e+00
1.157575559010254551e+00
1.154913383635877366e+00
1.152251208261499738e+00
1.149589032887122331e+00
1.146926857512744480e+00
1.144264682138367295e+00
1.141602506763989666e+00
1.138940331389612481e+00
1.136278156015234853e+00
1.133615980640857446e+00
1.130953805266480039e+00
1.128291629892102632e+00
1.125629454517725003e+00
1.122967279143347596e+00
1.120305103768970190e+00
1.117642928394592783e+00
1.114980753020215376e+00
1.117143891608734174e+00
1.115438861947598781e+00
1.113733832286463166e+00
1.112028802625327772e+00
1.110323772964192379e+00
1.108618743303056986e+00
1.106913713641921149e+00
1.105208683980785977e+00
1.103503654319650584e+00
1.101798624658514747e+00
1.100093594997379354e+00
1.098388565336244183e+00
1.096683535675108567e+00
1.094978506013973174e+00
1.093273476352837559e+00
1.091568446691702166e+00
1.089863417030566550e+00
1.088158387369431157e+00
1.086453357708295764e+00
1.084748328047160371e+00
1.083043298386024977e+00
1.081338268724889584e+00
1.079633239063753747e+00
1.077928209402618354e+00
1.076223179741482960e+00
1.074518150080347345e+00
1.072813120419211952e+00
1.071108090758076559e+00
1.069403061096941165e+00
1.067698031435805550e+00
1.065993001774670157e+00
1.064287972113534764e+00
1.062582942452399148e+00
1.060877912791263755e+00
1.059172883130128362e+00
1.057467853468992747e+00
1.055762823807857131e+00
1.054057794146721738e+00
1.052352764485586345e+00
1.050647734824450952e+00
1.048942705163315336e+00
1.047237675502179721e+00
1.045532645841044550e+00
1.043827616179908935e+00
1.042122586518773542e+00
1.040417556857637926e+00
1.038712527196502533e+00
1.037007497535367140e+00
1.035302467874231525e+00
1.033597438213096131e+00
1.031892408551960738e+00
1.030187378890825123e+00
1.028482349229689508e+00
1.026777319568554336e+00
1.025072289907418721e+00
1.023367260246283328e+00
1.021662230585147935e+00
1.019957200924012541e+00
1.018252171262877148e+00
1.016547141601741311e+00
1.014842111940605918e+00
1.013137082279470524e+00
1.019338543846810108e+00
1.017164158601479684e+00
1.014989773356150149e+00
1.012815388110819725e+00
1.010641002865489524e+00
1.008466617620159544e+00
1.006292232374829565e+00
1.004117847129499586e+00
1.001943461884169384e+00
9.997690766388392936e-01
9.975946913935093141e-01
9.954203061481793346e-01
9.932459209028490221e-01
9.910715356575191537e-01
9.888971504121890632e-01
9.867227651668589727e-01
9.845483799215289933e-01
9.823739946761986808e-01
9.801996094308688123e-01
9.780252241855386108e-01
9.758508389402084093e-01
9.736764536948785409e-01
9.715020684495484504e-01
9.693276832042183599e-01
9.671532979588881584e-01
9.649789127135582900e-01
9.628045274682284216e-01
9.606301422228979980e-01
9.584557569775679076e-01
9.562813717322379281e-01
9.541069864869078376e-01
9.519326012415777472e-01
9.497582159962475457e-01
9.475838307509177882e-01
9.454094455055878088e-01
9.432350602602576073e-01
9.410606750149272948e-01
9.388862897695973153e-01
9.367119045242674469e-01
9.345375192789371344e-01
9.323631340336071549e-01
9.301887487882771754e-01
9.280143635429468629e-01
9.258399782976167725e-01
9.236655930522869040e-01
9.214912078069568135e-01
9.193168225616266120e-01
9.171424373162965216e-01
9.149680520709665421e-01
9.127936668256365627e-01
9.106192815803063612e-01
9.084448963349762707e-01
9.062705110896462912e-01
9.040961258443164228e-01
9.019217405989862213e-01
8.997473553536561308e-01
8.975729701083259293e-01
8.953985848629960609e-01
8.932241996176657484e-01
8.910498143723356579e-01
8.888754291270056784e-01
8.867010438816754769e-01
8.845266586363453865e-01
8.823522733910155180e-01
8.801778881456853165e-01
8.780035029003553371e-01
8.758291176550250245e-01
8.736547324096951561e-01
8.714803471643651767e-01
8.693059619190349752e-01
8.671315766737047737e-01
8.649571914283749052e-01
8.627828061830448148e-01
8.606084209377147243e-01
8.584340356923847448e-01
8.562596504470545433e-01
8.540852652017245639e-01
8.519108799563945844e-01
8.497364947110643829e-01
8.475621094657344035e-01
8.453877242204044240e-01
8.432133389750741115e-01
8.410389537297439100e-01
8.388645684844140415e-01
