-2.116076263321990994e-04
-2.583361671802813023e-02
-4.443552468993205995e-02
-5.470339654487770681e-02
-6.212006480912767026e-02
-6.709423242927128883e-02
-6.215425531488742716e-02
-5.827244113123048602e-02
-5.388565565261077550e-02
-3.991692831451655599e-02
-2.942250906866180488e-02
-1.892808982280694274e-02
-3.336968747869330752e-03
1.228573673725091853e-02
2.790844222237101255e-02
4.353114770749125922e-02
5.583558656543560067e-02
7.470955165690471023e-02
9.358351674837363243e-02
1.124574818398427489e-01
1.313314469313116850e-01
1.470433013153334412e-01
1.631417036257226671e-01
1.792401059361120597e-01
1.953385082465012579e-01
2.114369105568906504e-01
2.252295100776390280e-01
2.424547495863949020e-01
2.596799890951507761e-01
2.769052286039067612e-01
2.941304681126628573e-01
3.195603284715621273e-01
3.318010088620394482e-01
3.440416892525168246e-01
3.562823696429943121e-01
3.685230500334716330e-01
3.807637304239490095e-01
3.930044108144263859e-01
4.052450912049039289e-01
4.174857715953812498e-01
4.297264519858585707e-01
4.419671323763360582e-01
4.180808207773241691e-01
4.316801540825205841e-01
4.452794873877170545e-01
4.588788206929135804e-01
5.129277392937933167e-01
5.209556553347255425e-01
5.289835713756577684e-01
5.370114874165898833e-01
5.450394034575221092e-01
5.530673194984543350e-01
5.610952355393866720e-01
5.691231515803186758e-01
5.771510676212510127e-01
5.851789836621832386e-01
5.932068997031154645e-01
6.012348157440478014e-01
6.092627317849799162e-01
6.172906478259121421e-01
6.253185638668443680e-01
6.333464799077764829e-01
6.413743959487087087e-01
6.494023119896409346e-01
6.574302280305730495e-01
6.654581440715053864e-01
6.734860601124376123e-01
6.325271393250643248e-01
6.364450634778676674e-01
6.802550797467175059e-01
6.857113020255886093e-01
6.911675243044597128e-01
6.966237465833304832e-01
7.020799688622015866e-01
7.075361911410724680e-01
7.129924134199434604e-01
7.184486356988145639e-01
7.239048579776854453e-01
7.293610802565564377e-01
7.348173025354273191e-01
7.402735248142983115e-01
7.457297470931693040e-01
7.511859693720402964e-01
7.566421916509111778e-01
7.620984139297822813e-01
7.675546362086532737e-01
7.730108584875241551e-01
7.784670807663952585e-01
7.839233030452660289e-01
7.893795253241371324e-01
7.948357476030082358e-01
8.002919698818790062e-01
8.057481921607501096e-01
8.112044144396209910e-01
8.166606367184919835e-01
8.221168589973628649e-01
8.120973545157792461e-01
8.143250868930995701e-01
8.165528192704198940e-01
8.187805516477403289e-01
8.210082840250606528e-01
8.232360164023810878e-01
8.254637487797014117e-01
8.276914811570218466e-01
8.299192135343421706e-01
8.321469459116626055e-01
8.343746782889828184e-01
8.366024106663031423e-01
8.388301430436234662e-01
8.502807785781426597e-01
8.527726245810072214e-01
8.552644705838720052e-01
8.577563165867364559e-01
8.602481625896011286e-01
8.627400085924658013e-01
8.652318545953303630e-01
8.677237005981949247e-01
8.702155466010594864e-01
8.727073926039241591e-01
8.751992386067888319e-01
8.776910846096533936e-01
8.801829306125180663e-01
8.826747766153826280e-01
8.851666226182471897e-01
8.876584686211119735e-01
8.901503146239764241e-01
8.926421606268410969e-01
8.951340066297055476e-01
8.997269211212544082e-01
9.011369358967824539e-01
9.025469506723104995e-01
9.039569654478383232e-01
9.053669802233665909e-01
9.067769949988944145e-01
9.081870097744224601e-01
9.095970245499503948e-01
9.110070393254785515e-01
9.124170541010064861e-01
9.138270688765345318e-01
9.152370836520625774e-01
9.166470984275906231e-01
9.180571132031186687e-01
9.194671279786467144e-01
9.208771427541747601e-01
9.222871575297025837e-01
9.236971723052306293e-01
9.251071870807586750e-01
9.265172018562867207e-01
9.272585752037402207e-01
9.284766428871261690e-01
9.296947105705120062e-01
9.309127782538979545e-01
9.321308459372840138e-01
9.333489136206698511e-01
9.345669813040559104e-01
9.357850489874416366e-01
9.370031166708275849e-01
9.382211843542135332e-01
9.394392520375995925e-01
9.406573197209855408e-01
9.418753874043713781e-01
9.430934550877573264e-01
9.443115227711434967e-01
9.455295904545292229e-01
9.538165272293017694e-01
9.543589718582770054e-01
9.549014164872519084e-01
9.554438611162269224e-01
9.559863057452018253e-01
9.565287503741770614e-01
9.570711950031518533e-01
9.576136396321268673e-01
9.581560842611019924e-01
9.586985288900770064e-01
9.592409735190519093e-01
9.597834181480267013e-01
9.603258627770018263e-01
9.608683074059768403e-01
9.614107520349518543e-01
9.619531966639268683e-01
9.624956412929017713e-01
9.630380859218768963e-01
9.635805305508517993e-01
9.641229751798269243e-01
9.646654198088017163e-01
9.652078644377768413e-01
9.657503090667518553e-01
9.662927536957268693e-01
9.668351983247016612e-01
9.673776429536767862e-01
9.679200875826516892e-01
9.684625322116267032e-01
9.690049768406017172e-01
9.695474214695767312e-01
9.700898660985518562e-01
9.688885302935685839e-01
9.694929810468289055e-01
9.700974318000890051e-01
9.707018825533494377e-01
9.713063333066097593e-01
9.719107840598698589e-01
9.725152348131301805e-01
9.731196855663905021e-01
9.737241363196506017e-01
9.743285870729110343e-01
9.749330378261712449e-01
9.812459332916190213e-01
9.814738058512260110e-01
9.817016784108330008e-01
9.819295509704401015e-01
9.821574235300469802e-01
9.823852960896541919e-01
9.826131686492611816e-01
9.828410412088680603e-01
9.830689137684751611e-01
9.832967863280822618e-01
9.835246588876892515e-01
9.837525314472962412e-01
9.839804040069033420e-01
9.842082765665102206e-01
9.844361491261172104e-01
9.846640216857242001e-01
9.848918942453313008e-01
9.851197668049382905e-01
9.853476393645451692e-01
9.855755119241521589e-01
9.858033844837591486e-01
9.860312570433662493e-01
9.862591296029732391e-01
9.864870021625802288e-01
9.867148747221873295e-01
9.869427472817943192e-01
9.871706198414013089e-01
9.873984924010084097e-01
9.876263649606153994e-01
9.878542375202222781e-01
9.880821100798294898e-01
9.883099826394364795e-01
9.885378551990433582e-01
9.887657277586503479e-01
9.889023960113244582e-01
9.892308689135490551e-01
9.895593418157734300e-01
9.898878147179979159e-01
9.902162876202221797e-01
9.905447605224466656e-01
9.908732334246709295e-01
9.912017063268955264e-01
9.915301792291199012e-01
9.930637874310025426e-01
9.930553948877518522e-01
9.930470023445007177e-01
9.912601215017211587e-01
9.914438226254188580e-01
9.916275237491167793e-01
9.918112248728144786e-01
9.919949259965122890e-01
9.921786271202099883e-01
9.923623282439077986e-01
9.925460293676054979e-01
9.927297304913033082e-01
9.929134316150008965e-01
9.930971327386989289e-01
9.932808338623966282e-01
9.934645349860943275e-01
9.936482361097920268e-01
9.938319372334899482e-01
9.940156383571874255e-01
9.941993394808852358e-01
9.943830406045830461e-01
9.945667417282808564e-01
9.947504428519784447e-01
9.949341439756764771e-01
9.951178450993741764e-01
9.953015462230718757e-01
9.954852473467696861e-01
9.956689484704674964e-01
9.958526495941651957e-01
9.960363507178628950e-01
9.962200518415605943e-01
9.964037529652582936e-01
9.965874540889561040e-01
9.967711552126540253e-01
9.969548563363517246e-01
9.971385574600495350e-01
9.973222585837472343e-01
9.975059597074450446e-01
9.976896608311427439e-01
9.978733619548405542e-01
9.980570630785381425e-01
9.982407642022359529e-01
9.977107708349314263e-01
9.977304424567275953e-01
9.977501140785235423e-01
9.977697857003196003e-01
9.977894573221157692e-01
9.978091289439117162e-01
9.978288005657077742e-01
9.978484721875038321e-01
9.978681438092997791e-01
9.978878154310960591e-01
9.979074870528920060e-01
9.979271586746880640e-01
9.979468302964841220e-01
9.979665019182800689e-01
9.979861735400763489e-01
9.980058451618722959e-01
9.978382750468195450e-01
9.979139214268025748e-01
9.979895678067858267e-01
9.980652141867690785e-01
9.981408605667522194e-01
9.982165069467354712e-01
9.982921533267186120e-01
9.983677997067017529e-01
9.984434460866850047e-01
9.985190924666681456e-01
9.985947388466512864e-01
9.986703852266345383e-01
9.987460316066177901e-01
9.988216779866008199e-01
9.988973243665841828e-01
9.989729707465674347e-01
9.990486171265505755e-01
9.991242635065336053e-01
9.991999098865168571e-01
9.992755562665001090e-01
9.993512026464831388e-01
9.994268490264665017e-01
9.995024954064496425e-01
9.995781417864327834e-01
9.996537881664160352e-01
9.997294345463991760e-01
9.994394663296924941e-01
9.994481076651695606e-01
9.994567490006464050e-01
9.994653903361234715e-01
9.994740316716005379e-01
9.994826730070773824e-01
9.994913143425543378e-01
9.994999556780312933e-01
9.995085970135083597e-01
9.995172383489855372e-01
9.995258796844621596e-01
9.995345210199392261e-01
9.995431623554164036e-01
9.995518036908934700e-01
9.995604450263703145e-01
9.995690863618472699e-01
9.995777276973241143e-01
9.995863690328012918e-01
9.995950103682782473e-01
9.996036517037550917e-01
9.997876894952342219e-01
9.997920491634482154e-01
9.997964088316619868e-01
9.998007684998758693e-01
9.998051281680897517e-01
9.998094878363036342e-01
9.998138475045172946e-01
9.998182071727312881e-01
9.998225668409451705e-01
9.998269265091588309e-01
9.998312861773728244e-01
9.998356458455865958e-01
9.998400055138003673e-01
9.998443651820143607e-01
9.998487248502281322e-01
9.998530845184419036e-01
9.998574441866558971e-01
9.998618038548697795e-01
9.998661635230834399e-01
9.998705231912974334e-01
9.998748828595112048e-01
9.998792425277249762e-01
9.998836021959389697e-01
9.998879618641527411e-01
9.998923215323665126e-01
9.998966812005805060e-01
9.999010408687941664e-01
9.999054005370080489e-01
9.999097602052220424e-01
9.999141198734358138e-01
9.999184795416495852e-01
9.999228392098633567e-01
9.999271988780772391e-01
9.999315585462911216e-01
9.999359182145051150e-01
9.999402778827187754e-01
9.999446375509326579e-01
9.999489972191464293e-01
9.999533568873603118e-01
9.999577165555741942e-01
9.999620762237879656e-01
9.999664358920019591e-01
1.000146882328708076e+00
1.000168703421580707e+00
1.000190524514453339e+00
1.000212345607325970e+00
1.000234166700198601e+00
