9.620133021022503339e-01
9.733520282292070780e-01
9.846907543561639331e-01
9.960294804831207882e-01
1.007368206610077754e+00
1.018706932737034832e+00
1.030045658863991687e+00
1.041384384990948542e+00
1.052723111117905397e+00
1.064061837244862474e+00
1.075400563371819329e+00
1.086739289498776184e+00
1.098078015625733261e+00
1.109416741752690116e+00
1.120755467879646750e+00
1.132094194006603827e+00
1.143432920133560682e+00
1.154771646260517759e+00
1.166110372387474614e+00
1.177449098514431469e+00
1.188787824641388546e+00
1.200126550768345401e+00
1.211465276895302035e+00
1.222804003022259112e+00
1.234142729149216189e+00
1.245481455276172822e+00
1.256820181403129899e+00
1.268158907530086532e+00
1.279497633657043609e+00
1.290836359784000686e+00
1.302175085910957542e+00
1.313171161555031663e+00
1.324640975374224983e+00
1.336110789193417636e+00
1.347580603012610512e+00
1.359050416831803387e+00
1.370520230650996041e+00
1.381990044470189360e+00
1.393459858289382014e+00
1.404929672108574890e+00
1.416399485927767765e+00
1.427869299746960419e+00
1.439339113566153738e+00
1.450808927385346392e+00
1.462278741204539489e+00
1.473748555023732143e+00
1.485218368842925019e+00
1.496688182662118116e+00
1.508157996481310992e+00
1.519627810300503867e+00
1.531097624119696521e+00
1.542567437938889396e+00
1.554037251758082050e+00
1.565941799350468733e+00
1.581252527525911944e+00
1.596563255701355377e+00
1.611873983876798588e+00
1.627184712052242022e+00
1.642495440227685011e+00
1.657806168403128222e+00
1.673116896578571433e+00
1.688427624754014644e+00
1.703738352929458078e+00
1.719049081104901289e+00
1.734359809280344722e+00
1.749670537455787711e+00
1.764981265631231366e+00
1.780291993806674578e+00
1.795602721982117345e+00
1.810913450157560778e+00
1.837561730243323810e+00
1.861122184928969414e+00
1.884682639614614796e+00
1.908243094300260845e+00
1.931803548985906671e+00
1.955364003671551831e+00
1.978924458357197880e+00
2.002484913042843484e+00
2.026045367728488866e+00
2.049605822414134693e+00
2.073166277099780519e+00
2.096726731785425901e+00
2.134439268864518180e+00
2.170338794211619682e+00
2.206238319558721184e+00
2.242137844905822686e+00
2.278037370252923743e+00
2.313936895600026133e+00
2.349836420947127635e+00
2.385735946294228693e+00
2.424320336627357353e+00
2.474441872509378637e+00
2.524563408391401254e+00
2.574684944273423426e+00
2.624806480155444710e+00
2.674928016037466882e+00
2.725049551919489499e+00
2.792400287558368888e+00
2.859650841047506553e+00
2.926901394536643330e+00
2.994151948025780552e+00
3.061402501514918217e+00
3.143149191902069095e+00
3.229571789404541704e+00
3.315994386907015201e+00
3.402416984409487810e+00
3.504052372508733360e+00
3.609528040255565617e+00
3.715003708002395655e+00
3.820479375749227469e+00
3.398630530426883123e+00
3.312701259302937018e+00
3.226771988178991801e+00
3.140842717055046140e+00
3.058029400804282094e+00
2.986487464185102247e+00
2.914945527565922845e+00
2.843403590946742998e+00
2.776366018667099311e+00
2.719373765645290320e+00
2.662381512623480884e+00
2.605389259601670116e+00
2.548397006579860236e+00
2.493151664606543694e+00
2.449830280225599122e+00
2.406508895844654550e+00
2.363187511463709978e+00
2.319866127082765850e+00
2.276544742701820834e+00
2.233223358320876706e+00
2.197053930500588503e+00
2.165641258496986410e+00
2.134228586493383872e+00
2.102815914489781779e+00
2.071403242486179241e+00
2.039990570482577148e+00
2.008577898478975055e+00
1.977165226475372517e+00
1.948006908995038478e+00
1.926722061154901855e+00
1.905437213314765232e+00
1.884152365474628388e+00
1.862867517634491099e+00
1.841582669794355365e+00
1.820297821954217632e+00
1.799012974114081453e+00
1.777728126273944609e+00
1.756443278433807986e+00
1.735158430593671142e+00
1.713873582753534519e+00
1.698358867891405444e+00
1.685332545118458647e+00
1.672306222345511184e+00
1.659279899572563943e+00
1.646253576799616702e+00
1.633227254026669462e+00
1.620200931253722443e+00
1.607174608480775202e+00
1.594148285707828183e+00
1.581121962934880942e+00
1.568095640161933479e+00
1.555069317388985795e+00
1.542042994616038998e+00
1.529016671843091313e+00
1.515990349070144960e+00
1.502964026297197275e+00
1.489937703524250479e+00
1.479812776837100996e+00
1.472537517934382700e+00
1.465262259031664849e+00
1.457987000128946331e+00
1.450711741226227813e+00
1.443436482323509518e+00
1.436161223420791444e+00
1.428885964518072926e+00
1.421610705615354853e+00
1.414335446712636335e+00
1.407060187809918039e+00
1.399784928907199744e+00
1.392509670004481448e+00
1.385234411101763374e+00
1.377959152199044635e+00
1.370683893296326339e+00
1.363408634393608265e+00
1.356133375490889525e+00
1.348858116588171452e+00
1.341582857685452934e+00
1.334307598782734861e+00
1.327032339880016565e+00
1.320013804809073266e+00
1.315966505321244817e+00
1.311919205833415703e+00
1.307871906345587032e+00
1.303824606857757917e+00
1.299777307369929247e+00
1.295730007882100354e+00
1.291682708394271240e+00
1.287635408906442569e+00
1.283588109418613676e+00
1.279540809930784784e+00
1.275493510442955891e+00
1.271446210955126777e+00
1.267398911467298328e+00
1.263351611979468991e+00
1.259304312491640321e+00
1.255257013003811428e+00
1.251209713515982758e+00
1.247162414028153643e+00
1.243115114540324750e+00
1.239067815052495858e+00
1.235020515564666965e+00
1.230973216076838073e+00
1.226925916589009402e+00
1.222878617101180287e+00
1.218831317613351395e+00
1.214784018125522502e+00
1.210736718637693832e+00
1.206689419149864939e+00
1.202642119662035824e+00
1.198594820174207154e+00
1.198011196680189183e+00
1.195651734047981973e+00
1.193292271415774985e+00
1.190932808783568220e+00
1.188573346151361454e+00
1.186213883519154244e+00
1.183854420886947478e+00
1.181494958254740713e+00
1.179135495622533725e+00
1.176776032990326959e+00
1.174416570358119971e+00
1.172057107725912983e+00
1.169697645093705995e+00
1.167338182461499230e+00
1.164978719829292242e+00
1.162619257197085476e+00
1.160259794564878488e+00
1.157900331932671500e+00
1.155540869300464735e+00
1.153181406668257969e+00
1.150821944036050759e+00
1.148462481403843993e+00
1.146103018771637228e+00
1.143743556139430462e+00
1.141384093507223252e+00
1.139024630875016486e+00
1.136665168242809720e+00
1.134305705610602510e+00
1.131946242978395967e+00
1.129586780346188535e+00
1.127227317713981991e+00
1.124867855081775003e+00
1.122508392449568237e+00
1.120148929817361250e+00
1.117789467185154484e+00
1.115430004552947496e+00
1.113070541920740508e+00
1.110711079288533742e+00
1.108351616656326755e+00
1.105992154024119767e+00
1.103632691391913001e+00
1.101273228759706235e+00
1.101808974477676006e+00
1.100149353930216289e+00
1.098489733382756572e+00
1.096830112835297077e+00
1.095170492287837583e+00
1.093510871740378088e+00
1.091851251192918593e+00
1.090191630645459098e+00
1.088532010097999381e+00
1.086872389550540108e+00
1.085212769003080391e+00
1.083553148455621118e+00
1.081893527908161401e+00
1.080233907360701906e+00
1.078574286813242189e+00
1.076914666265782694e+00
1.075255045718322977e+00
1.073595425170863704e+00
1.071935804623404209e+00
1.070276184075944714e+00
1.068616563528484997e+00
1.066956942981025502e+00
1.065297322433566007e+00
1.063637701886106512e+00
1.061978081338647018e+00
1.060318460791187523e+00
1.058658840243728028e+00
1.056999219696268089e+00
1.055339599148808816e+00
1.053679978601349099e+00
1.052020358053889604e+00
1.050360737506430109e+00
1.048701116958970614e+00
1.047041496411511119e+00
1.045381875864051624e+00
1.043722255316592129e+00
1.042062634769132412e+00
1.040403014221672917e+00
1.038743393674213422e+00
1.037083773126753927e+00
1.035424152579294210e+00
1.033764532031834937e+00
1.032104911484375442e+00
1.030445290936915725e+00
1.028785670389456008e+00
1.027126049841996736e+00
1.025466429294537241e+00
1.023806808747077524e+00
1.022147188199618029e+00
1.020487567652158534e+00
1.018827947104699039e+00
1.017168326557239322e+00
1.015508706009780049e+00
1.013849085462320554e+00
1.012189464914860837e+00
1.010529844367401342e+00
1.008870223819941625e+00
1.007210603272482352e+00
1.007872531768920110e+00
1.005777543499041249e+00
1.003682555229162832e+00
1.001587566959284192e+00
9.994925786894055530e-01
9.973975904195270248e-01
9.953026021496483855e-01
9.932076138797698572e-01
9.911126256098912179e-01
9.890176373400125787e-01
9.869226490701339394e-01
9.848276608002556332e-01
9.827326725303767718e-01
9.806376842604982436e-01
9.785426959906197153e-01
9.764477077207411870e-01
9.743527194508623257e-01
9.722577311809837974e-01
9.701627429111051582e-01
9.680677546412265189e-01
9.659727663713476575e-01
9.638777781014695734e-01
9.617827898315908230e-01
9.596878015617121838e-01
9.575928132918334335e-01
9.554978250219549052e-01
9.534028367520764879e-01
9.513078484821977376e-01
9.492128602123189873e-01
9.471178719424405701e-01
9.450228836725621528e-01
9.429278954026834025e-01
9.408329071328047633e-01
9.387379188629261240e-01
9.366429305930475957e-01
9.345479423231689564e-01
9.324529540532902061e-01
9.303579657834117889e-01
9.282629775135331496e-01
9.261679892436543993e-01
9.240730009737757600e-01
9.219780127038973427e-01
9.198830244340185924e-01
9.177880361641399531e-01
9.156930478942615359e-01
9.135980596243828966e-01
9.115030713545043684e-01
9.094080830846253960e-01
9.073130948147469788e-01
9.052181065448684505e-01
9.031231182749899222e-01
9.010281300051111719e-01
8.989331417352327547e-01
8.968381534653541154e-01
8.947431651954753651e-01
8.926481769255967258e-01
8.905531886557180865e-01
8.884582003858394472e-01
8.863632121159606969e-01
8.842682238460822797e-01
8.821732355762037514e-01
8.800782473063251121e-01
8.779832590364463618e-01
8.758882707665678335e-01
8.737932824966894163e-01
8.716982942268106660e-01
8.696033059569320267e-01
8.675083176870534984e-01
8.654133294171750812e-01
8.633183411472963309e-01
8.612233528774176916e-01
8.591283646075390523e-01
8.570333763376605241e-01
8.549383880677818848e-01
8.528433997979031345e-01
8.507484115280247172e-01
8.486534232581461890e-01
8.465584349882674386e-01
8.444634467183887994e-01
8.423684584485102711e-01
