-6.635652035121841763e-03
-6.635652035121841763e-03
-4.577152102231585307e-02
-4.577152102231585307e-02
-5.648709678248965693e-02
-5.703810304288257915e-02
-5.703810304288257915e-02
-6.128515401787491129e-02
-6.128515401787491129e-02
-4.132299059960427984e-02
-4.132299059960427984e-02
-9.414618244536227670e-03
-1.580627201345828278e-02
2.027114787567969173e-02
5.337088075926151032e-02
3.135113288648432028e-02
7.277356519673887358e-02
6.538100570993700400e-02
1.083512718891744692e-01
1.003602421170326775e-01
1.425242451514890096e-01
1.425242451514890096e-01
1.760112143549673602e-01
1.936676110888760627e-01
1.895629428140300221e-01
2.230201046815862842e-01
2.218208419152979671e-01
2.644259547620481654e-01
2.644259547620481654e-01
2.960776090979803654e-01
2.755512619592432322e-01
3.046940041067371374e-01
3.046940041067371374e-01
3.331288545707541959e-01
3.634326112703634704e-01
3.634326112703634704e-01
3.625623875311877464e-01
3.862593494351425072e-01
4.090443764093563694e-01
4.256171646560250044e-01
4.256171646560250044e-01
4.521551842957889922e-01
4.384337771164243946e-01
4.601903159114442698e-01
4.601903159114442698e-01
4.866586365791842894e-01
5.075536685135262349e-01
5.075536685135262349e-01
5.268804297058240493e-01
5.157372613316520971e-01
5.357713720253406420e-01
5.357713720253406420e-01
5.591416160547590941e-01
5.545353136719664011e-01
5.767704108709922339e-01
5.722693960982885297e-01
5.933056799118724411e-01
6.051593931065999410e-01
6.004408868679708133e-01
6.198967792904537255e-01
6.153625883828868215e-01
6.340294389955217769e-01
6.303114601662962446e-01
6.485195720230060301e-01
6.392988230891858414e-01
6.538201188371335348e-01
6.691922953054376677e-01
6.665844411454893148e-01
6.824008617784221853e-01
6.790273769457240149e-01
6.950689141228456602e-01
6.950689141228456602e-01
7.005321398033422797e-01
7.005321398033422797e-01
7.156515849176936506e-01
7.113703161303066569e-01
7.260631640589139124e-01
7.220420148390113146e-01
7.361634567776871307e-01
7.443770873980104508e-01
7.397693272081695692e-01
7.532669311096817921e-01
7.497662726095688512e-01
7.621504430217658221e-01
7.621504430217658221e-01
7.706927761887252259e-01
7.706927761887252259e-01
7.744017256898291235e-01
7.744017256898291235e-01
7.824343657023363763e-01
7.824343657023363763e-01
7.933016566390282964e-01
8.005542612751990195e-01
8.005542612751990195e-01
8.037233280120928969e-01
8.037233280120928969e-01
8.138001711140737671e-01
8.106243214192705437e-01
8.202553477600998955e-01
8.172738061018033351e-01
8.264844200462112545e-01
8.264844200462112545e-01
8.291813760498558672e-01
8.291813760498558672e-01
8.351104938974829306e-01
8.436937334365569585e-01
8.436937334365569585e-01
8.490525226026593986e-01
8.490525226026593986e-01
8.542182187673249549e-01
8.513416133239715133e-01
8.564458325972376107e-01
8.564458325972376107e-01
8.641213311579607481e-01
8.613651500096647373e-01
8.687403336958979816e-01
8.661122548564829104e-01
8.706701632157202164e-01
8.778453180749304918e-01
8.750657771015648567e-01
8.819642994018168647e-01
8.793083245503759970e-01
8.859476459225302802e-01
8.859476459225302802e-01
8.897916686137586906e-01
8.875573544887979116e-01
8.912918335153879879e-01
8.912918335153879879e-01
8.950020175923995014e-01
9.009773528674491772e-01
9.009773528674491772e-01
9.042843233761340693e-01
9.042843233761340693e-01
9.055964464691232951e-01
9.055964464691232951e-01
9.111933487723197223e-01
9.087637024556678433e-01
9.141498612111035316e-01
9.118083404049202034e-01
9.169891856146786813e-01
9.152461085625637205e-01
9.180673690431695455e-01
9.230900220418086777e-01
9.207976217075294345e-01
9.256383055941558302e-01
9.256383055941558302e-01
9.280934720452627129e-01
9.280934720452627129e-01
9.289774490861120171e-01
9.289774490861120171e-01
9.313300598169232947e-01
9.313300598169232947e-01
9.356989968638645960e-01
9.336005540208316411e-01
9.378231770064452411e-01
9.398642746284535665e-01
9.385326924208620136e-01
9.426014452169936275e-01
9.405522706746074491e-01
9.444772395931839704e-01
9.425149882361066878e-01
9.462894542067934456e-01
9.462894542067934456e-01
9.468858170319439660e-01
9.468858170319439660e-01
9.486135023839959990e-01
9.486135023839959990e-01
9.521411140745345003e-01
9.537031572910206201e-01
9.537031572910206201e-01
9.552191196718029520e-01
9.541700741840755118e-01
9.556663933414463186e-01
9.556663933414463186e-01
9.588213452669654968e-01
9.571153587555094600e-01
9.601627105838614895e-01
9.585138884987814967e-01
9.614615262579221389e-01
9.605217849421399112e-01
9.618067361925120018e-01
9.646341312307150639e-01
9.630494598009697871e-01
9.657808115934995996e-01
9.657808115934995996e-01
9.668926539379436580e-01
9.668926539379436580e-01
9.671644210861096713e-01
9.671644210861096713e-01
9.696880956771394278e-01
9.682337899050593721e-01
9.706724399914314905e-01
9.692685048071167930e-01
9.716245076071938769e-01
9.718273643931781836e-01
9.718273643931781836e-01
9.740798161488353202e-01
9.727426749145706708e-01
9.749196762554995788e-01
9.736298887388644685e-01
9.757331582917089241e-01
9.757331582917089241e-01
9.758805197876702087e-01
9.758805197876702087e-01
9.766635171553090800e-01
9.766635171553090800e-01
9.786018146140809115e-01
9.792959986095314262e-01
9.792959986095314262e-01
9.799698805479036823e-01
9.793990337299430804e-01
9.811832427246438559e-01
9.800686125815101235e-01
9.817916682773906167e-01
9.807181534955603519e-01
9.823816641234209834e-01
9.813483171695425167e-01
9.824481832845185503e-01
9.824481832845185503e-01
9.830200152012604775e-01
9.845479966279280237e-01
9.835752556742686226e-01
9.850511807542829956e-01
9.850511807542829956e-01
9.855400026719880469e-01
9.850891653338562648e-01
9.855769317960361153e-01
9.855769317960361153e-01
9.869285641000852261e-01
9.860506571391739472e-01
9.873564851194508440e-01
9.865115268576521990e-01
9.877729304700760826e-01
9.886088708771452183e-01
9.877887150611835976e-01
9.889826410548863134e-01
9.881923341895906265e-01
9.893453573614600094e-01
9.893453573614600094e-01
9.896980277534009884e-01
9.896980277534009884e-01
9.896960190014492120e-01
9.896960190014492120e-01
9.900392974532170598e-01
9.900392974532170598e-01
9.910547686621612451e-01
9.913536371906058742e-01
9.913536371906058742e-01
9.913390616277012457e-01
9.913390616277012457e-01
9.922629423704520946e-01
9.916307098375054530e-01
9.925226047540458563e-01
9.919145204390026338e-01
9.927750650807198873e-01
9.927750650807198873e-01
9.927519619445059895e-01
9.927519619445059895e-01
9.929998193288482877e-01
9.937806584565374024e-01
9.937806584565374024e-01
9.939949885060824775e-01
9.939949885060824775e-01
9.942034982810332711e-01
9.939652575909557752e-01
9.941743409275528576e-01
9.941743409275528576e-01
9.948568325798154977e-01
9.943764529279370823e-01
9.950351708955603725e-01
9.945750812977860456e-01
9.950004428656331612e-01
9.956168213230065511e-01
9.951770446631837963e-01
9.957716673646900274e-01
9.953490323128220130e-01
9.959224301161592185e-01
9.959224301161592185e-01
9.960691857612926636e-01
9.958844453815148823e-01
9.960336337576273236e-01
9.960336337576273236e-01
9.965491832218595913e-01
9.961790390284502861e-01
9.966759380538614543e-01
9.963215240315583809e-01
9.968003255312570809e-01
9.971012027209075201e-01
9.967701932127162046e-01
9.972155065568749643e-01
9.969076010834182489e-01
9.973352494093032927e-01
9.970391126310276242e-01
9.974506953781633323e-01
9.971509109323686282e-01
9.975415648502846677e-01
9.974082034868909652e-01
9.975124859410302580e-01
9.975124859410302580e-01
9.976123989674993142e-01
9.979642586994180720e-01
9.979642586994180720e-01
9.980481652895191180e-01
9.980481652895191180e-01
9.980156722430910676e-01
9.980156722430910676e-01
9.983326324522040496e-01
9.980999747519881948e-01
9.984035194812540537e-01
9.981805629276522263e-01
9.984712325581258652e-01
9.982565143488784098e-01
9.984360941068657347e-01
9.987043316066305243e-01
9.985025695189259087e-01
9.987600474893943980e-01
9.985673808301603893e-01
9.988144227252143681e-01
9.988144227252143681e-01
9.988674288578509586e-01
9.987809112844550086e-01
9.988355083087108177e-01
9.988355083087108177e-01
9.990525698591545822e-01
9.988887341163213973e-01
9.990967778931011400e-01
9.989407015008688884e-01
9.991398493702389194e-01
9.992550678105766027e-01
9.991096028985374522e-01
9.992910194547706126e-01
9.991528997901844011e-01
9.993264166990933894e-01
9.991951078821820209e-01
9.993610497592581021e-01
9.993610497592581021e-01
9.993329549190549388e-01
9.993329549190549388e-01
9.993680674179100665e-01
9.993680674179100665e-01
9.995114235241672196e-01
9.995387989915940352e-01
9.995387989915940352e-01
9.995126025507672374e-01
9.995126025507672374e-01
9.996356605950909024e-01
9.995404937195501160e-01
9.996575884807451517e-01
9.995676499639528645e-01
9.996790401962324379e-01
9.996790401962324379e-01
9.996545677008281672e-01
9.996545677008281672e-01
9.996765455950259449e-01
9.997710149921748002e-01
9.997710149921748002e-01
9.997875974970706903e-01
9.997875974970706903e-01
9.998038258592392147e-01
9.997645755170608828e-01
9.997816120189890743e-01
9.997816120189890743e-01
9.998569437605164811e-01
9.997982086827289505e-01
9.998695740266251297e-01
9.998143470397692356e-01
9.998819516128143459e-01
9.999103916402952708e-01
9.998604226871485867e-01
9.999200025430776684e-01
9.998729900078364707e-01
9.999294431017564655e-01
9.999294431017564655e-01
9.999386789234290251e-01
9.999075381149253872e-01
9.999169804294913977e-01
9.999169804294913977e-01
9.999643611521311648e-01
9.999261610015969248e-01
9.999711279276608522e-01
9.999348972158063065e-01
9.999777535793935579e-01
9.999885183881288553e-01
9.999546899175334458e-01
9.999931548013938354e-01
9.999605573447507556e-01
9.999981674279119215e-01
9.999657709467515421e-01
1.000003027232876152e+00
1.000003027232876152e+00
9.999745184435040457e-01
9.999745184435040457e-01
9.999866393851136737e-01
9.999982413158805539e-01
9.999979511299961210e-01
9.999954270051997218e-01
9.999984462649442740e-01
9.999986128976502409e-01
1.000000378231637344e+00
1.000000378231637344e+00
