8.996463618071768309e-01
8.996463618071768309e-01
8.996463618071768309e-01
8.996463618071768309e-01
9.641213030486529556e-01
9.641213030486529556e-01
9.641213030486529556e-01
9.641213030486529556e-01
1.024875372203466473e+00
1.024875372203466473e+00
1.024875372203466473e+00
1.024875372203466473e+00
1.082028300454039194e+00
1.082028300454039194e+00
1.082028300454039194e+00
1.082028300454039194e+00
1.138486864925544850e+00
1.138486864925544850e+00
1.138486864925544850e+00
1.138486864925544850e+00
1.190947511138753745e+00
1.190947511138753745e+00
1.190947511138753745e+00
1.190947511138753745e+00
1.241652873717263184e+00
1.241652873717263184e+00
1.241652873717263184e+00
1.241652873717263184e+00
1.285858307368622722e+00
1.285858307368622722e+00
1.285858307368622722e+00
1.285858307368622722e+00
1.330704644219915078e+00
1.330704644219915078e+00
1.330704644219915078e+00
1.330704644219915078e+00
1.378729071011736140e+00
1.378729071011736140e+00
1.378729071011736140e+00
1.421091751011492210e+00
1.421091751011492210e+00
1.421091751011492210e+00
1.421091751011492210e+00
1.462073585844098300e+00
1.462073585844098300e+00
1.462073585844098300e+00
1.462073585844098300e+00
1.523319505108142069e+00
1.523319505108142069e+00
1.523319505108142069e+00
1.523319505108142069e+00
1.565741700399810421e+00
1.565741700399810421e+00
1.565741700399810421e+00
1.565741700399810421e+00
1.615563922495685256e+00
1.615563922495685256e+00
1.615563922495685256e+00
1.615563922495685256e+00
1.670946964163662729e+00
1.670946964163662729e+00
1.670946964163662729e+00
1.670946964163662729e+00
1.728231837627698830e+00
1.728231837627698830e+00
1.728231837627698830e+00
1.728231837627698830e+00
1.793746743802398402e+00
1.793746743802398402e+00
1.793746743802398402e+00
1.793746743802398402e+00
1.876071839489003024e+00
1.876071839489003024e+00
1.876071839489003024e+00
1.962815841491795776e+00
1.962815841491795776e+00
1.962815841491795776e+00
1.962815841491795776e+00
2.043520718633879074e+00
2.043520718633879074e+00
2.043520718633879074e+00
2.043520718633879074e+00
2.199339204515001978e+00
2.199339204515001978e+00
2.199339204515001978e+00
2.199339204515001978e+00
2.320458934528278672e+00
2.320458934528278672e+00
2.320458934528278672e+00
2.320458934528278672e+00
2.486486575103625807e+00
2.486486575103625807e+00
2.486486575103625807e+00
2.486486575103625807e+00
2.674645011183822696e+00
2.674645011183822696e+00
2.674645011183822696e+00
2.674645011183822696e+00
2.907600414750104445e+00
2.907600414750104445e+00
2.907600414750104445e+00
2.907600414750104445e+00
3.206685034072747964e+00
3.206685034072747964e+00
3.206685034072747964e+00
3.206685034072747964e+00
3.501045697581533833e+00
3.501045697581533833e+00
3.501045697581533833e+00
3.501045697581533833e+00
3.138747296029683387e+00
3.138747296029683387e+00
3.138747296029683387e+00
3.138747296029683387e+00
2.887307449104319801e+00
2.887307449104319801e+00
2.887307449104319801e+00
2.887307449104319801e+00
2.653331459507347834e+00
2.653331459507347834e+00
2.653331459507347834e+00
2.653331459507347834e+00
2.437309551519450057e+00
2.437309551519450057e+00
2.437309551519450057e+00
2.437309551519450057e+00
2.284178341871940798e+00
2.284178341871940798e+00
2.284178341871940798e+00
2.284178341871940798e+00
2.142194451379332509e+00
2.142194451379332509e+00
2.142194451379332509e+00
2.142194451379332509e+00
2.020387474156254637e+00
2.020387474156254637e+00
2.020387474156254637e+00
2.020387474156254637e+00
1.919021925868894529e+00
1.919021925868894529e+00
1.919021925868894529e+00
1.919021925868894529e+00
1.822667845358681982e+00
1.822667845358681982e+00
1.822667845358681982e+00
1.822667845358681982e+00
1.745369572289612536e+00
1.745369572289612536e+00
1.745369572289612536e+00
1.745369572289612536e+00
1.688283175042372575e+00
1.688283175042372575e+00
1.688283175042372575e+00
1.631136490411984719e+00
1.631136490411984719e+00
1.631136490411984719e+00
1.631136490411984719e+00
1.581529215830331347e+00
1.581529215830331347e+00
1.581529215830331347e+00
1.581529215830331347e+00
1.531222918427095570e+00
1.531222918427095570e+00
1.531222918427095570e+00
1.531222918427095570e+00
1.485813941448643982e+00
1.485813941448643982e+00
1.485813941448643982e+00
1.485813941448643982e+00
1.453871659876337041e+00
1.453871659876337041e+00
1.453871659876337041e+00
1.453871659876337041e+00
1.423244059779102288e+00
1.423244059779102288e+00
1.423244059779102288e+00
1.423244059779102288e+00
1.392745885087584456e+00
1.392745885087584456e+00
1.392745885087584456e+00
1.392745885087584456e+00
1.366729284178946902e+00
1.366729284178946902e+00
1.366729284178946902e+00
1.366729284178946902e+00
1.343253548082589122e+00
1.343253548082589122e+00
1.343253548082589122e+00
1.343253548082589122e+00
1.320171189124457189e+00
1.320171189124457189e+00
1.320171189124457189e+00
1.320171189124457189e+00
1.302094396522862851e+00
1.302094396522862851e+00
1.302094396522862851e+00
1.283562398076938837e+00
1.283562398076938837e+00
1.283562398076938837e+00
1.283562398076938837e+00
1.265423152706632859e+00
1.265423152706632859e+00
1.265423152706632859e+00
1.265423152706632859e+00
1.250683405358048672e+00
1.250683405358048672e+00
1.250683405358048672e+00
1.250683405358048672e+00
1.236881125499443623e+00
1.236881125499443623e+00
1.236881125499443623e+00
1.236881125499443623e+00
1.222291742271988335e+00
1.222291742271988335e+00
1.222291742271988335e+00
1.222291742271988335e+00
1.210504043970054733e+00
1.210504043970054733e+00
1.210504043970054733e+00
1.210504043970054733e+00
1.198508019440456263e+00
1.198508019440456263e+00
1.198508019440456263e+00
1.198508019440456263e+00
1.187608847579052718e+00
1.187608847579052718e+00
1.187608847579052718e+00
1.187608847579052718e+00
1.176839133649391744e+00
1.176839133649391744e+00
1.176839133649391744e+00
1.176839133649391744e+00
1.167486289513662401e+00
1.167486289513662401e+00
1.167486289513662401e+00
1.157412000280907405e+00
1.157412000280907405e+00
1.157412000280907405e+00
1.157412000280907405e+00
1.148505233873267750e+00
1.148505233873267750e+00
1.148505233873267750e+00
1.148505233873267750e+00
1.139634081941224730e+00
1.139634081941224730e+00
1.139634081941224730e+00
1.139634081941224730e+00
1.131619915905493157e+00
1.131619915905493157e+00
1.131619915905493157e+00
1.131619915905493157e+00
1.124221918878915982e+00
1.124221918878915982e+00
1.124221918878915982e+00
1.124221918878915982e+00
1.116408677307467512e+00
1.116408677307467512e+00
1.116408677307467512e+00
1.116408677307467512e+00
1.109012938076209487e+00
1.109012938076209487e+00
1.109012938076209487e+00
1.109012938076209487e+00
1.101810222978050646e+00
1.101810222978050646e+00
1.101810222978050646e+00
1.101810222978050646e+00
1.094807594737187806e+00
1.094807594737187806e+00
1.094807594737187806e+00
1.094807594737187806e+00
1.087555707335214894e+00
1.087555707335214894e+00
1.087555707335214894e+00
1.087555707335214894e+00
1.080768426245615643e+00
1.080768426245615643e+00
1.080768426245615643e+00
1.074322169312766917e+00
1.074322169312766917e+00
1.074322169312766917e+00
1.074322169312766917e+00
1.068711701731505537e+00
1.068711701731505537e+00
1.068711701731505537e+00
1.068711701731505537e+00
1.061020111984797953e+00
1.061020111984797953e+00
1.061020111984797953e+00
1.061020111984797953e+00
1.054785038752558135e+00
1.054785038752558135e+00
1.054785038752558135e+00
1.054785038752558135e+00
1.048446749065304884e+00
1.048446749065304884e+00
1.048446749065304884e+00
1.048446749065304884e+00
1.041747642121366280e+00
1.041747642121366280e+00
1.041747642121366280e+00
1.041747642121366280e+00
1.035618463850423332e+00
1.035618463850423332e+00
1.035618463850423332e+00
1.035618463850423332e+00
1.029659452966398048e+00
1.029659452966398048e+00
1.029659452966398048e+00
1.029659452966398048e+00
1.022577403710297705e+00
1.022577403710297705e+00
1.022577403710297705e+00
1.022577403710297705e+00
1.015140477417115328e+00
1.015140477417115328e+00
1.015140477417115328e+00
1.009394829746457223e+00
1.009394829746457223e+00
1.009394829746457223e+00
1.009394829746457223e+00
1.003689105840505080e+00
1.003689105840505080e+00
1.003689105840505080e+00
1.003689105840505080e+00
9.954585639265300934e-01
9.954585639265300934e-01
9.954585639265300934e-01
9.954585639265300934e-01
9.890752266541248394e-01
9.890752266541248394e-01
9.890752266541248394e-01
9.890752266541248394e-01
9.815095742396504619e-01
9.815095742396504619e-01
9.815095742396504619e-01
9.815095742396504619e-01
9.744814084264025178e-01
9.744814084264025178e-01
9.744814084264025178e-01
9.744814084264025178e-01
9.679313164617859844e-01
9.679313164617859844e-01
9.679313164617859844e-01
9.679313164617859844e-01
9.579924557315727673e-01
9.579924557315727673e-01
9.579924557315727673e-01
9.579924557315727673e-01
9.510952726468441254e-01
9.510952726468441254e-01
9.510952726468441254e-01
9.510952726468441254e-01
9.429929936384690015e-01
9.429929936384690015e-01
9.429929936384690015e-01
9.429929936384690015e-01
9.345492334599143636e-01
9.345492334599143636e-01
9.345492334599143636e-01
9.265362449614207296e-01
9.265362449614207296e-01
9.265362449614207296e-01
9.265362449614207296e-01
9.178471809294699302e-01
9.178471809294699302e-01
9.178471809294699302e-01
9.178471809294699302e-01
9.073108239719573920e-01
9.073108239719573920e-01
9.073108239719573920e-01
9.073108239719573920e-01
8.969938380191091465e-01
8.969938380191091465e-01
8.969938380191091465e-01
8.969938380191091465e-01
8.865510595951009432e-01
8.865510595951009432e-01
8.865510595951009432e-01
8.865510595951009432e-01
8.754042264849626331e-01
8.754042264849626331e-01
8.754042264849626331e-01
8.754042264849626331e-01
8.648253939712990945e-01
8.648253939712990945e-01
8.648253939712990945e-01
8.648253939712990945e-01
8.527574765325723893e-01
8.527574765325723893e-01
8.527574765325723893e-01
8.527574765325723893e-01
8.405562054214972267e-01
8.405562054214972267e-01
8.405562054214972267e-01
8.405562054214972267e-01
8.301932032061868361e-01
8.301932032061868361e-01
8.301932032061868361e-01
8.301932032061868361e-01
