-4.976223010803890141e-05
-2.560838325650348357e-02
-4.563243683002881496e-02
-5.441824135568562593e-02
-6.448556823545878447e-02
-6.462202363539890082e-02
-6.364167500440814917e-02
-5.873782946589364840e-02
-5.318466881783665001e-02
-4.163741406341443796e-02
-3.133811648233198605e-02
-1.756544047017677412e-02
-4.085640750612904055e-03
1.103950165394486024e-02
2.645379341664996428e-02
4.251725096459030295e-02
5.910877094412376326e-02
7.589600300130981692e-02
9.293755867663804071e-02
1.100673039967564881e-01
1.270726316543418222e-01
1.444790491437187019e-01
1.613463153882068180e-01
1.786308653597514784e-01
1.950460326750441675e-01
2.114611999903369677e-01
2.277645908536588826e-01
2.438913138275206616e-01
2.596409492609755287e-01
2.751689278089209933e-01
2.906969063568664025e-01
3.052995645320499829e-01
3.200083388716450372e-01
3.340126399380718980e-01
3.482042979330514099e-01
3.620889014210541546e-01
3.752964768906376647e-01
3.885146420196915473e-01
4.013486103819072781e-01
4.138823054186291373e-01
4.263073969038874700e-01
4.382150171811003414e-01
4.495330993992377455e-01
4.616095649452121030e-01
4.725452483390134573e-01
4.836723556708541483e-01
4.941884215041832396e-01
5.047044873375123863e-01
5.148167987926581812e-01
5.246556395274672990e-01
5.345337404935462944e-01
5.438248882398236672e-01
5.530955548115813469e-01
5.623662213833385826e-01
5.710146302679905972e-01
5.795217764575927299e-01
5.882335548526459457e-01
5.962355910898644584e-01
6.043749609766974062e-01
6.117289053210976935e-01
6.199824215464952992e-01
6.273346160130690574e-01
6.346868104796430377e-01
6.420474228101704650e-01
6.488890615933519124e-01
6.557307003765334708e-01
6.626551537288618565e-01
6.690179724741621703e-01
6.753807912194628171e-01
6.817436099647631309e-01
6.877813801133639826e-01
6.938627383246271929e-01
6.999440965358901812e-01
7.054650972088929439e-01
7.111643237157536657e-01
7.168635502226142764e-01
7.217546304335640261e-01
7.273325670346905136e-01
7.326528185348785138e-01
7.374386938302103234e-01
7.425185035742355444e-01
7.474801276650678838e-01
7.521640465745377258e-01
7.567628560449302100e-01
7.613882210468314593e-01
7.660274895914642723e-01
7.703260156078007848e-01
7.744843309691810118e-01
7.787810718834059509e-01
7.830680618804222171e-01
7.870922045875857753e-01
7.908638701940007287e-01
7.950988524008040237e-01
7.988371838134918912e-01
8.025755152261795367e-01
8.059759757913393940e-01
8.099638434901864636e-01
8.134241584206036713e-01
8.168844733510207679e-01
8.199100320686592003e-01
8.236909619115428960e-01
8.269077600843696141e-01
8.302005630699863525e-01
8.329444376567509689e-01
8.364151394603670520e-01
8.394710498130334431e-01
8.425269601657000562e-01
8.451461306935246220e-01
8.482658696877674043e-01
8.511042579577267064e-01
8.539426462276861196e-01
8.564520489207139153e-01
8.592531357312488405e-01
8.618832913804486129e-01
8.645134470296483853e-01
8.669292703014899182e-01
8.693778302401173885e-01
8.718778363013309773e-01
8.743127097976743922e-01
8.766472527688163874e-01
8.789195015281389134e-01
8.811555357622041784e-01
8.834037683189335244e-01
8.856617485703646153e-01
8.877663942700244615e-01
8.898710399696840856e-01
8.918492142225894481e-01
8.940340248308022986e-01
8.959815116870251117e-01
8.979289985432477028e-01
8.996994992188157569e-01
9.018132339863643709e-01
9.036121555999090393e-01
9.054110772134538188e-01
9.072099988269985982e-01
9.090479244164826333e-01
9.107074745332813803e-01
9.123670246500800163e-01
9.140576276947812717e-01
9.157589083425204945e-01
9.172705262685628691e-01
9.188387942023987787e-01
9.204070621362347993e-01
9.219753300700708198e-01
9.232723464050984763e-01
9.248648891810264949e-01
9.263068591709431310e-01
9.277488291608596560e-01
9.290345812568632233e-01
9.304719820622744386e-01
9.317953539417322961e-01
9.331187258211899316e-01
9.344420977006475670e-01
9.356254254154124927e-01
9.369063532619734680e-01
9.381184997591729413e-01
9.393306462563721926e-01
9.404969209295162003e-01
9.416392693482719123e-01
9.427793059527750374e-01
9.438833971342782680e-01
9.449874883157816097e-01
9.460702757565107035e-01
9.471182830821341936e-01
9.481268006970219320e-01
9.491379198359484182e-01
9.501970094218950003e-01
9.511564994490746550e-01
9.521159894762543097e-01
9.529906253386949411e-01
9.539169273305397878e-01
9.549167757326382233e-01
9.557931494436140429e-01
9.566695231545899736e-01
9.575458968655659042e-01
9.584126295272032969e-01
9.592107981319603072e-01
9.600089667367173174e-01
9.608071353414745497e-01
9.616053039462315599e-01
9.623719543076154626e-01
9.631156246363510309e-01
9.638592949650865993e-01
9.646029652938222787e-01
9.653466356225578471e-01
9.660182997243912384e-01
9.666920484032499594e-01
9.673657970821086804e-01
9.680395457609671794e-01
9.686013698878538358e-01
9.693319658108395798e-01
9.699426459591553584e-01
9.705533261074711371e-01
9.711640062557866937e-01
9.717010046436377335e-01
9.722874199745326074e-01
9.728964901212568961e-01
9.734478410718213626e-01
9.739991920223858290e-01
9.745160756103994348e-01
9.750467382683480899e-01
9.755835507070345081e-01
9.760788870633581027e-01
9.765742234196816973e-01
9.770664139621026978e-01
9.775472405907081885e-01
9.780280672193139013e-01
9.784703849279898780e-01
9.789155615345443984e-01
9.793821212628208706e-01
9.798154547781486867e-01
9.802487882934769470e-01
9.806406378565380999e-01
9.810396319609340221e-01
9.814847180940345917e-01
9.818744596103352595e-01
9.822642011266360385e-01
9.826539426429368174e-01
9.829683614423841975e-01
9.833859448083470678e-01
9.837397178308756596e-01
9.840934908534043624e-01
9.844472638759329541e-01
9.847681524697466937e-01
9.850916531096887141e-01
9.854261639092750658e-01
9.857606747088615284e-01
9.860645532894576348e-01
9.863608892298522113e-01
9.866572251702461216e-01
9.869465394096440525e-01
9.872257891038064281e-01
9.875293082651628307e-01
9.878086250856706885e-01
9.880879419061785462e-01
9.883364650514921967e-01
9.885844305672600862e-01
9.888708724495018920e-01
9.891194462071978277e-01
9.893680199648933193e-01
9.896165937225890330e-01
9.898163215367979939e-01
9.900830320968118103e-01
9.903043365782238094e-01
9.905256410596358085e-01
9.907469455410478076e-01
9.909682500224594737e-01
9.911280877180445037e-01
9.913776714546796986e-01
9.915739688331404178e-01
9.917702662116012480e-01
9.919665635900620781e-01
9.921628609685229083e-01
9.923501359829923762e-01
9.925212964735904420e-01
9.926970100682619425e-01
9.928727236629334429e-01
9.930484372576050545e-01
9.931798172325158047e-01
9.933815175424193233e-01
9.935363328132440497e-01
9.936911480840689981e-01
9.938459633548938355e-01
9.940007786257188949e-01
9.941321376725245074e-01
9.942937101121231969e-01
9.944280968514351837e-01
9.945624835907470596e-01
9.946968703300588244e-01
9.948273828865413781e-01
9.949676768162314389e-01
9.951002567831612744e-01
9.952183560359417758e-01
9.953364552887222771e-01
9.954542399903452132e-01
9.955710193816048603e-01
9.956877987728648405e-01
9.958045781641244876e-01
9.959092684263043393e-01
9.960108170126541483e-01
9.961243235839537524e-01
9.962246608115282731e-01
9.963249980391029048e-01
9.964253352666772034e-01
9.965124540326570912e-01
9.966108867472881494e-01
9.967045777849379284e-01
9.967982688225875965e-01
9.968919598602373755e-01
9.969668345370663598e-01
9.970441453034392110e-01
9.971295144380910580e-01
9.972148835727426830e-01
9.973002527073945300e-01
9.973774016321484970e-01
9.974439452695068598e-01
9.975104889068650005e-01
9.975859437368835847e-01
9.976580188411054984e-01
9.977300939453273010e-01
9.978021690495488816e-01
9.978571336853556684e-01
9.979134641073242884e-01
9.979870225743305845e-01
9.980472914459079803e-01
9.981075603174854871e-01
9.981678291890627719e-01
9.982280980606400567e-01
9.982799694479321806e-01
9.983315747322509814e-01
9.983831800165696713e-01
9.984347853008885831e-01
9.984863905852071619e-01
9.985379958695259628e-01
9.985846134588685086e-01
9.986283997754974440e-01
9.986725979150665733e-01
9.987161666486380485e-01
9.987597353822094126e-01
9.988033041157808878e-01
9.988484005969427981e-01
9.988848879916735202e-01
9.989213753864043532e-01
9.989578627811352973e-01
9.989943501758663524e-01
9.990308375705970745e-01
9.990602788597066075e-01
9.991027697124924556e-01
9.991333308735551588e-01
9.991638920346177510e-01
9.991944531956804543e-01
9.992250143567430465e-01
9.992508701235466306e-01
9.992874556669104624e-01
9.993131148407826680e-01
9.993387740146549847e-01
9.993644331885273013e-01
9.993900923623993959e-01
9.994103221162692341e-01
9.994434825199107753e-01
9.994646595734909544e-01
9.994858366270709116e-01
9.995070136806510908e-01
9.995281907342309369e-01
9.995439941895519764e-01
9.995743604770176427e-01
9.995912719382985534e-01
9.996081833995795751e-01
9.996250948608605968e-01
9.996420063221417296e-01
9.996556537098233441e-01
9.996751587050733967e-01
9.996960656797677647e-01
9.997091478696324973e-01
9.997222300594971189e-01
9.997353122493618516e-01
9.997470069429171824e-01
9.997625200733961659e-01
9.997780332038749274e-01
9.997913448435232775e-01
9.998011538810109844e-01
9.998109629184983582e-01
9.998207703570718419e-01
9.998327535570841196e-01
9.998447367570965083e-01
9.998567199571087860e-01
9.998641749495496001e-01
9.998712423791152881e-01
9.998783098086807541e-01
9.998882206699855058e-01
9.998971192729301238e-01
9.999060178758747419e-01
9.999132396750637364e-01
9.999181105947341219e-01
9.999229815144045075e-01
9.999309738348893806e-01
9.999372049673505014e-01
9.999434360998116222e-01
9.999496672322727431e-01
9.999530018889842831e-01
9.999561736190085703e-01
9.999632005153920034e-01
9.999668147618476777e-01
9.999704290083035740e-01
9.999740432547593594e-01
9.999776575012150337e-01
9.999812717476708190e-01
9.999873993045128584e-01
9.999855538593050985e-01
9.999878527066866640e-01
9.999901515540685626e-01
9.999924504014501281e-01
9.999947492488320266e-01
9.999970480962135921e-01
9.999978103453290856e-01
9.999982511322517142e-01
9.999986919191744539e-01
9.999991327060971935e-01
9.999995734930200442e-01
1.000001921898578727e+00
