1.000000000000000082e-05
1.761566055045871715e-01
3.523032110091743330e-01
5.284498165137614389e-01
7.045964220183486004e-01
8.807430275229357619e-01
1.056889633027523034e+00
1.233036238532110307e+00
1.409182844036697357e+00
1.585329449541284408e+00
1.761476055045871680e+00
1.937622660550458953e+00
2.113769266055046003e+00
2.289915871559633054e+00
2.466062477064220548e+00
2.642209082568807599e+00
2.818355688073394649e+00
2.994502293577981700e+00
3.170648899082568750e+00
3.346795504587156245e+00
3.522942110091743295e+00
3.699088715596330346e+00
3.875235321100917840e+00
4.051381926605504447e+00
4.227528532110091497e+00
4.403675137614678547e+00
4.579821743119265598e+00
4.755968348623852648e+00
4.932114954128440587e+00
5.108261559633027638e+00
5.284408165137614688e+00
5.460554770642201738e+00
5.636701376146788789e+00
5.812847981651375839e+00
5.988994587155962890e+00
6.165141192660549940e+00
6.341287798165136991e+00
6.517434403669724929e+00
6.693581009174311980e+00
6.869727614678899030e+00
7.045874220183486081e+00
7.222020825688073131e+00
7.398167431192660182e+00
7.574314036697247232e+00
7.750460642201835171e+00
7.926607247706422221e+00
8.102753853211009272e+00
8.278900458715595434e+00
8.455047064220183373e+00
8.631193669724771311e+00
8.807340275229357474e+00
8.983486880733945412e+00
9.159633486238531574e+00
9.335780091743119513e+00
9.511926697247705675e+00
9.688073302752293614e+00
9.864219908256881553e+00
1.004036651376146771e+01
1.021651311926605565e+01
1.039265972477064182e+01
1.056880633027522975e+01
1.074495293577981592e+01
1.092109954128440386e+01
1.109724614678899002e+01
1.127339275229357796e+01
1.144953935779816590e+01
1.162568596330275206e+01
1.180183256880734000e+01
1.197797917431192616e+01
1.215412577981651410e+01
1.233027238532110026e+01
1.250641899082568820e+01
1.268256559633027436e+01
1.285871220183486230e+01
1.303485880733945024e+01
1.321100541284403640e+01
1.338715201834862434e+01
1.356329862385321050e+01
1.373944522935779844e+01
1.391559183486238460e+01
1.409173844036697254e+01
1.426788504587156048e+01
1.444403165137614664e+01
1.462017825688073458e+01
1.479632486238532074e+01
1.497247146788990868e+01
1.514861807339449484e+01
1.532476467889908278e+01
1.550091128440367072e+01
1.567705788990825688e+01
1.585320449541284482e+01
1.602935110091743098e+01
1.620549770642201892e+01
1.638164431192660686e+01
1.655779091743119125e+01
1.673393752293577919e+01
1.691008412844036712e+01
1.708623073394495506e+01
1.726237733944954300e+01
1.743852394495412739e+01
1.761467055045871533e+01
1.779081715596330326e+01
1.796696376146789120e+01
1.814311036697247559e+01
1.831925697247706353e+01
1.849540357798165147e+01
1.867155018348623940e+01
1.884769678899082734e+01
1.902384339449541173e+01
1.919998999999999967e+01
4.880001000000000033e+01
4.897717256055363322e+01
4.915433512110726610e+01
4.933149768166089899e+01
4.950866024221453188e+01
4.968582280276816476e+01
4.986298536332179765e+01
5.004014792387543054e+01
5.021731048442906342e+01
5.039447304498269631e+01
5.057163560553632919e+01
5.074879816608996919e+01
5.092596072664360207e+01
5.110312328719723496e+01
5.128028584775086784e+01
5.145744840830450073e+01
5.163461096885813362e+01
5.181177352941176650e+01
5.198893608996539939e+01
5.216609865051903228e+01
5.234326121107266516e+01
5.252042377162629805e+01
5.269758633217993093e+01
5.287474889273356382e+01
5.305191145328719671e+01
5.322907401384082959e+01
5.340623657439446248e+01
5.358339913494809537e+01
5.376056169550172825e+01
5.393772425605536114e+01
5.411488681660899402e+01
5.429204937716262691e+01
5.446921193771626690e+01
5.464637449826989268e+01
5.482353705882353267e+01
5.500069961937716556e+01
5.517786217993079845e+01
5.535502474048443133e+01
5.553218730103806422e+01
5.570934986159169711e+01
5.588651242214532999e+01
5.606367498269896288e+01
5.624083754325259576e+01
5.641800010380622865e+01
5.659516266435986154e+01
5.677232522491349442e+01
5.694948778546712731e+01
5.712665034602076020e+01
5.730381290657439308e+01
5.748097546712802597e+01
5.765813802768165885e+01
5.783530058823529885e+01
5.801246314878892463e+01
5.818962570934256462e+01
5.836678826989619040e+01
5.854395083044983039e+01
5.872111339100345617e+01
5.889827595155709616e+01
5.907543851211072905e+01
5.925260107266436194e+01
5.942976363321799482e+01
5.960692619377162771e+01
5.978408875432526060e+01
5.996125131487889348e+01
6.013841387543252637e+01
6.031557643598615925e+01
6.049273899653979214e+01
6.066990155709342503e+01
6.084706411764705791e+01
6.102422667820069080e+01
6.120138923875432369e+01
6.137855179930795657e+01
6.155571435986159656e+01
6.173287692041522234e+01
6.191003948096886234e+01
6.208720204152248812e+01
6.226436460207612811e+01
6.244152716262975389e+01
6.261868972318339388e+01
6.279585228373702677e+01
6.297301484429065965e+01
6.315017740484429254e+01
6.332733996539792543e+01
6.350450252595155831e+01
6.368166508650519120e+01
6.385882764705882408e+01
6.403599020761245697e+01
6.421315276816608275e+01
6.439031532871972274e+01
6.456747788927336273e+01
6.474464044982698852e+01
6.492180301038062851e+01
6.509896557093425429e+01
6.527612813148789428e+01
6.545329069204152006e+01
6.563045325259516005e+01
6.580761581314878583e+01
6.598477837370242582e+01
6.616194093425605161e+01
6.633910349480969160e+01
6.651626605536331738e+01
6.669342861591695737e+01
6.687059117647058315e+01
6.704775373702422314e+01
6.722491629757786313e+01
6.740207885813148891e+01
6.757924141868511470e+01
6.775640397923875469e+01
6.793356653979239468e+01
6.811072910034602046e+01
6.828789166089964624e+01
6.846505422145328623e+01
6.864221678200692622e+01
6.881937934256055200e+01
6.899654190311419200e+01
6.917370446366781778e+01
6.935086702422145777e+01
6.952802958477508355e+01
6.970519214532872354e+01
6.988235470588234932e+01
7.005951726643598931e+01
7.023667982698961509e+01
7.041384238754325509e+01
7.059100494809689508e+01
7.076816750865052086e+01
7.094533006920414664e+01
7.112249262975778663e+01
7.129965519031142662e+01
7.147681775086505240e+01
7.165398031141867818e+01
7.183114287197231818e+01
7.200830543252595817e+01
7.218546799307958395e+01
7.236263055363320973e+01
7.253979311418684972e+01
7.271695567474048971e+01
7.289411823529411549e+01
7.307128079584775548e+01
7.324844335640138127e+01
7.342560591695502126e+01
7.360276847750864704e+01
7.377993103806228703e+01
7.395709359861591281e+01
7.413425615916955280e+01
7.431141871972317858e+01
7.448858128027681857e+01
7.466574384083045857e+01
7.484290640138408435e+01
7.502006896193771013e+01
7.519723152249135012e+01
7.537439408304499011e+01
7.555155664359861589e+01
7.572871920415224167e+01
7.590588176470588166e+01
7.608304432525952166e+01
7.626020688581314744e+01
7.643736944636678743e+01
7.661453200692041321e+01
7.679169456747405320e+01
7.696885712802767898e+01
7.714601968858131897e+01
7.732318224913494475e+01
7.750034480968858475e+01
7.767750737024221053e+01
7.785466993079585052e+01
7.803183249134947630e+01
7.820899505190311629e+01
7.838615761245674207e+01
7.856332017301038206e+01
7.874048273356402206e+01
7.891764529411764784e+01
7.909480785467127362e+01
7.927197041522491361e+01
7.944913297577855360e+01
7.962629553633217938e+01
7.980345809688580516e+01
7.998062065743944515e+01
8.015778321799308515e+01
8.033494577854671093e+01
8.051210833910035092e+01
8.068927089965397670e+01
8.086643346020761669e+01
8.104359602076124247e+01
8.122075858131488246e+01
8.139792114186852245e+01
8.157508370242214824e+01
8.175224626297577402e+01
8.192940882352941401e+01
8.210657138408305400e+01
8.228373394463667978e+01
8.246089650519030556e+01
8.263805906574394555e+01
8.281522162629758554e+01
8.299238418685121133e+01
8.316954674740483711e+01
8.334670930795847710e+01
8.352387186851211709e+01
8.370103442906574287e+01
8.387819698961936865e+01
8.405535955017300864e+01
8.423252211072664863e+01
8.440968467128027442e+01
8.458684723183390020e+01
8.476400979238755440e+01
8.494117235294118018e+01
8.511833491349480596e+01
8.529549747404844595e+01
8.547266003460208594e+01
8.564982259515571172e+01
8.582698515570933750e+01
8.600414771626297750e+01
8.618131027681661749e+01
8.635847283737024327e+01
8.653563539792386905e+01
8.671279795847750904e+01
8.688996051903114903e+01
8.706712307958477481e+01
8.724428564013840059e+01
8.742144820069204059e+01
8.759861076124568058e+01
8.777577332179930636e+01
8.795293588235293214e+01
8.813009844290657213e+01
8.830726100346021212e+01
8.848442356401383790e+01
8.866158612456747790e+01
8.883874868512111789e+01
8.901591124567474367e+01
8.919307380622836945e+01
8.937023636678200944e+01
8.954739892733564943e+01
8.972456148788927521e+01
8.990172404844290099e+01
9.007888660899654099e+01
9.025604916955018098e+01
9.043321173010380676e+01
9.061037429065743254e+01
9.078753685121107253e+01
9.096469941176471252e+01
9.114186197231833830e+01
9.131902453287196408e+01
9.149618709342560408e+01
9.167334965397924407e+01
9.185051221453286985e+01
9.202767477508649563e+01
9.220483733564013562e+01
9.238199989619377561e+01
9.255916245674740139e+01
9.273632501730104138e+01
9.291348757785468138e+01
9.309065013840830716e+01
9.326781269896193294e+01
9.344497525951557293e+01
9.362213782006921292e+01
9.379930038062283870e+01
9.397646294117646448e+01
9.415362550173010447e+01
9.433078806228374447e+01
9.450795062283737025e+01
9.468511318339099603e+01
9.486227574394463602e+01
9.503943830449827601e+01
9.521660086505190179e+01
9.539376342560552757e+01
9.557092598615916756e+01
9.574808854671280756e+01
9.592525110726643334e+01
9.610241366782007333e+01
9.627957622837371332e+01
9.645673878892733910e+01
9.663390134948096488e+01
9.681106391003460487e+01
9.698822647058824487e+01
9.716538903114187065e+01
9.734255159169549643e+01
9.751971415224913642e+01
9.769687671280277641e+01
9.787403927335640219e+01
9.805120183391002797e+01
9.822836439446366796e+01
9.840552695501730796e+01
9.858268951557093374e+01
9.875985207612455952e+01
9.893701463667819951e+01
9.911417719723183950e+01
9.929133975778546528e+01
9.946850231833909106e+01
9.964566487889273105e+01
9.982282743944637105e+01
9.999998999999999683e+01
