8.409754924756464023e-01
8.600095737948599828e-01
8.790436551140736743e-01
8.980777364332872548e-01
9.171118177525009463e-01
9.361458990717145268e-01
9.551799803909281072e-01
9.730674685382850742e-01
9.896450929850238998e-01
1.006222717431762614e+00
1.022800341878501440e+00
1.039377966325240488e+00
1.055955590771979091e+00
1.071682442265153190e+00
1.086285551599201149e+00
1.100888660933248664e+00
1.115491770267296623e+00
1.130094879601344360e+00
1.144697988935391875e+00
1.158268986412521961e+00
1.171452857645534085e+00
1.184636728878546430e+00
1.197820600111558331e+00
1.211004471344570677e+00
1.224188342577583022e+00
1.236428685279350015e+00
1.248635365433704125e+00
1.260842045588058680e+00
1.273048725742412790e+00
1.285255405896767122e+00
1.297259944444704605e+00
1.308898963402486570e+00
1.320537982360268536e+00
1.332177001318050724e+00
1.343816020275832468e+00
1.355455039233614434e+00
1.367156049209660162e+00
1.378632972153008174e+00
1.390109895096356851e+00
1.401586818039705307e+00
1.413063740983053318e+00
1.424530185667286952e+00
1.436227599551843648e+00
1.447925013436399899e+00
1.459622427320956817e+00
1.471319841205513068e+00
1.483017255090069542e+00
1.495072054814845508e+00
1.507349747328787126e+00
1.519627439842728966e+00
1.531905132356670363e+00
1.544182824870611981e+00
1.556928647688015088e+00
1.570195512274842331e+00
1.583462376861668908e+00
1.596729241448496150e+00
1.609996106035323393e+00
1.623758386423140854e+00
1.638455451306495947e+00
1.653152516189851262e+00
1.667849581073206799e+00
1.682546645956561893e+00
1.697892283718416495e+00
1.714516869550788858e+00
1.731141455383160999e+00
1.747766041215533361e+00
1.764390627047905946e+00
1.782172807450057128e+00
1.801371226467503694e+00
1.820569645484950705e+00
1.839768064502397271e+00
1.858966483519844060e+00
1.879994930540136666e+00
1.902471393829930912e+00
1.924947857119724715e+00
1.947424320409518961e+00
1.969900783699313207e+00
1.996323921230355181e+00
2.022882419374770535e+00
2.049440917519186112e+00
2.075999415663601688e+00
2.105026489880180485e+00
2.136834975726631836e+00
2.168643461573083631e+00
2.200451947419535426e+00
2.231969121437015868e+00
2.270544161747571454e+00
2.309119202058127485e+00
2.347694242368683071e+00
2.386269282679238657e+00
2.429572754601987850e+00
2.476389597091135819e+00
2.523206439580284677e+00
2.570023282069433535e+00
2.622117866842489153e+00
2.678886798144787473e+00
2.735655729447085349e+00
2.792424660749383225e+00
2.857456004926071991e+00
2.926625505473335220e+00
2.995795006020599782e+00
3.064964506567864344e+00
3.149165534156395552e+00
3.234817259027308101e+00
3.320468983898223758e+00
3.406120708769138972e+00
3.511273161482391103e+00
3.616273196863638351e+00
3.721273232244883822e+00
3.826273267626131069e+00
3.399489404764278078e+00
3.314032555552748782e+00
3.228575706341220375e+00
3.143118857129692412e+00
3.058821468091675211e+00
2.987262710043212532e+00
2.915703951994750298e+00
2.844145193946287176e+00
2.778054453204681362e+00
2.719025330492191639e+00
2.659996207779702804e+00
2.600967085067211748e+00
2.547486686467560268e+00
2.498737778446823210e+00
2.449988870426086152e+00
2.401239962405349093e+00
2.356661612146529805e+00
2.316278868274880498e+00
2.275896124403230747e+00
2.235513380531581884e+00
2.197570318167231473e+00
2.164027439527685726e+00
2.130484560888139978e+00
2.096941682248594230e+00
2.063765791423917140e+00
2.035799113663715243e+00
2.007832435903512902e+00
1.979865758143311005e+00
1.951899080383108886e+00
1.926848300997930030e+00
1.903408302386128570e+00
1.879968303774327998e+00
1.856528305162525871e+00
1.833549332728429127e+00
1.813840635664031531e+00
1.794131938599634601e+00
1.774423241535237894e+00
1.754714544470841187e+00
1.736596242947709090e+00
1.719892882602347406e+00
1.703189522256985944e+00
1.686486161911624482e+00
1.669782801566263020e+00
1.655219151144267320e+00
1.641026266652643617e+00
1.626833382161020358e+00
1.612640497669396877e+00
1.598447613177773841e+00
1.586345729428622509e+00
1.574285086748749007e+00
1.562224444068875950e+00
1.550163801389002005e+00
1.538103158709128948e+00
1.527467858774892662e+00
1.517181832176523359e+00
1.506895805578153391e+00
1.496609778979783867e+00
1.486323752381413454e+00
1.477065419941902658e+00
1.468180608619844119e+00
1.459295797297785580e+00
1.450410985975727485e+00
1.441526174653668946e+00
1.433340925567405666e+00
1.425658437053493710e+00
1.417975948539581532e+00
1.410293460025669354e+00
1.402610971511757398e+00
1.395214767643439435e+00
1.388523216127678817e+00
1.381831664611918198e+00
1.375140113096157801e+00
1.368448561580396960e+00
1.361757010064636564e+00
1.355833445379987623e+00
1.349978707118902221e+00
1.344123968857815932e+00
1.338269230596730308e+00
1.332414492335644018e+00
1.326737148238364972e+00
1.321617220550701077e+00
1.316497292863037183e+00
1.311377365175373511e+00
1.306257437487709616e+00
1.301137509800045944e+00
1.296337595500881790e+00
1.291831542649204856e+00
1.287325489797528366e+00
1.282819436945851654e+00
1.278313384094174499e+00
1.273807331242498231e+00
1.269589427532930248e+00
1.265589154715307085e+00
1.261588881897684367e+00
1.257588609080061426e+00
1.253588336262438263e+00
1.249588063444815766e+00
1.245888852840755678e+00
1.242307046202149268e+00
1.238725239563542635e+00
1.235143432924936224e+00
1.231561626286329814e+00
1.227979819647723625e+00
1.224668653223093928e+00
1.221448562847184949e+00
1.218228472471275747e+00
1.215008382095366768e+00
1.211788291719457566e+00
1.208568201343548365e+00
1.205535452990557754e+00
1.202619012174119817e+00
1.199702571357680991e+00
1.196786130541242832e+00
1.193869689724804450e+00
1.190953248908366069e+00
1.188138245036496787e+00
1.185481065652578270e+00
1.182823886268660418e+00
1.180166706884742123e+00
1.177509527500824049e+00
1.174852348116905976e+00
1.172195168732987458e+00
1.169759512540089030e+00
1.167323482986384553e+00
1.164887453432680076e+00
1.162451423878975598e+00
1.160015394325271121e+00
1.157579364771566421e+00
1.155213016406127391e+00
1.152964435528428089e+00
1.150715854650729009e+00
1.148467273773029929e+00
1.146218692895330848e+00
1.143970112017631768e+00
1.141721531139932688e+00
1.139598722842232625e+00
1.137501883369920197e+00
1.135405043897607547e+00
1.133308204425295118e+00
1.131211364952982468e+00
1.129114525480670039e+00
1.127036246468365421e+00
1.125064265329966506e+00
1.123092284191567369e+00
1.121120303053168454e+00
1.119148321914769317e+00
1.117176340776370180e+00
1.115204359637971265e+00
1.113270743715262467e+00
1.111402679392066606e+00
1.109534615068870300e+00
1.107666550745674661e+00
1.105798486422478577e+00
1.103930422099282715e+00
1.102062357776086632e+00
1.100217562232126411e+00
1.098430391914640536e+00
1.096643221597154438e+00
1.094856051279668341e+00
1.093068880962182465e+00
1.091281710644696368e+00
1.089494540327210492e+00
1.087733016297610211e+00
1.086007500435982598e+00
1.084281984574354540e+00
1.082556468712726927e+00
1.080830952851099092e+00
1.079105436989471478e+00
1.077379921127843643e+00
1.075671928752655049e+00
1.073990114515351202e+00
1.072308300278047133e+00
1.070626486040742842e+00
1.068944671803438551e+00
1.067262857566134704e+00
1.065581043328830413e+00
1.063899229091526122e+00
1.062252788413475590e+00
1.060597039288787791e+00
1.058941290164099769e+00
1.057285541039411969e+00
1.055629791914724169e+00
1.053974042790036147e+00
1.052318293665348348e+00
1.050680892240762887e+00
1.049034129945113358e+00
1.047387367649463830e+00
1.045740605353813857e+00
1.044093843058164106e+00
1.042447080762514577e+00
1.040800318466864827e+00
1.039153556171215076e+00
1.037498514156305784e+00
1.035845318802587789e+00
1.034192123448869793e+00
1.032538928095151354e+00
1.030885732741433358e+00
1.029232537387715363e+00
1.027579342033997145e+00
1.025962909177815519e+00
1.024283298802117770e+00
1.022603688426420243e+00
1.020924078050722494e+00
1.019244467675024524e+00
1.017564857299326997e+00
1.015885246923629248e+00
1.014205636547931499e+00
1.012456808423797261e+00
1.010735268020912958e+00
1.009013727618028211e+00
1.007292187215143686e+00
1.005570646812258939e+00
1.003849106409374414e+00
1.002127566006489889e+00
1.000406025603605142e+00
9.986378428737896495e-01
9.968599756980408566e-01
9.950821085222923967e-01
9.933042413465437148e-01
9.915263741707949219e-01
9.897485069950462400e-01
9.879706398192975580e-01
9.861927726435489872e-01
9.843508657203636769e-01
9.824698601514866292e-01
9.805888545826094704e-01
9.787078490137324227e-01
9.768268434448552640e-01
9.749458378759782162e-01
9.730648323071008354e-01
9.711838267382238987e-01
9.692463829905529904e-01
9.672689180331137671e-01
9.652914530756747657e-01
9.633139881182354314e-01
9.613365231607964301e-01
9.593590582033574288e-01
9.573815932459182054e-01
9.554041282884790931e-01
9.533065657478765331e-01
9.512042467624700626e-01
9.491019277770635920e-01
9.469996087916568994e-01
9.448972898062507619e-01
9.427949708208441804e-01
9.406926518354377098e-01
9.385903328500312393e-01
9.363241210908168632e-01
9.340523631632283719e-01
9.317806052356403246e-01
9.295088473080520552e-01
9.272370893804637859e-01
9.249653314528752945e-01
9.226935735252870252e-01
9.204218155976987559e-01
9.181893855191242126e-01
9.157127561853868336e-01
9.132361268516497876e-01
9.107594975179126306e-01
9.082828681841755847e-01
9.058062388504384277e-01
9.033296095167011597e-01
9.008529801829642247e-01
8.983763508492271788e-01
8.957493460740103552e-01
8.930423052956960595e-01
8.903352645173817637e-01
8.876282237390675789e-01
8.849211829607530611e-01
8.822141421824388763e-01
8.795071014041246915e-01
8.768000606258103957e-01
8.739568647113299393e-01
8.709753575647602997e-01
8.679938504181911041e-01
8.650123432716214644e-01
8.620308361250519358e-01
8.590493289784825182e-01
8.560678218319132116e-01
8.530863146853436829e-01
8.501048075387741543e-01
8.467504374892809160e-01
8.434669358985398269e-01
8.401834343077982936e-01
8.368999327170567604e-01
8.336164311263156712e-01
8.303329295355744710e-01
8.270494279448329378e-01
8.237659263540915155e-01
8.204824247633503154e-01
