1.223658325973168148e+00
1.223658325973168148e+00
1.223658325973168148e+00
1.223658325973168148e+00
1.223658325973168148e+00
1.223658325973168148e+00
1.223658325973168148e+00
1.223658325973168148e+00
1.223658325973168148e+00
1.223658325973168148e+00
1.223658325973168148e+00
1.223658325973168148e+00
1.223658325973168148e+00
1.223658325973168148e+00
1.223658325973168148e+00
1.223658325973168148e+00
1.223658325973168148e+00
1.223658325973168148e+00
1.223658325973168148e+00
1.223658325973168148e+00
1.223658325973168148e+00
1.223658325973168148e+00
1.223658325973168148e+00
1.223658325973168148e+00
1.223658325973168148e+00
1.223658325973168148e+00
1.223658325973168148e+00
1.223658325973168148e+00
1.223658325973168148e+00
1.223658325973168148e+00
1.223658325973168148e+00
1.223658325973168148e+00
1.223658325973168148e+00
1.492760024884703052e+00
1.492760024884703052e+00
1.492760024884703052e+00
1.492760024884703052e+00
1.492760024884703052e+00
1.492760024884703052e+00
1.492760024884703052e+00
1.492760024884703052e+00
1.492760024884703052e+00
1.492760024884703052e+00
1.492760024884703052e+00
1.492760024884703052e+00
1.492760024884703052e+00
1.492760024884703052e+00
1.492760024884703052e+00
1.492760024884703052e+00
1.492760024884703052e+00
1.492760024884703052e+00
1.492760024884703052e+00
1.492760024884703052e+00
1.492760024884703052e+00
1.492760024884703052e+00
1.492760024884703052e+00
1.492760024884703052e+00
1.492760024884703052e+00
1.492760024884703052e+00
1.492760024884703052e+00
1.492760024884703052e+00
1.492760024884703052e+00
1.801074211566861871e+00
1.801074211566861871e+00
1.801074211566861871e+00
1.801074211566861871e+00
1.801074211566861871e+00
1.801074211566861871e+00
1.801074211566861871e+00
1.801074211566861871e+00
1.801074211566861871e+00
1.801074211566861871e+00
1.801074211566861871e+00
1.801074211566861871e+00
1.801074211566861871e+00
1.801074211566861871e+00
1.801074211566861871e+00
1.801074211566861871e+00
1.801074211566861871e+00
1.801074211566861871e+00
1.801074211566861871e+00
1.801074211566861871e+00
1.801074211566861871e+00
1.801074211566861871e+00
1.801074211566861871e+00
1.801074211566861871e+00
1.801074211566861871e+00
1.801074211566861871e+00
2.337421602979314450e+00
2.337421602979314450e+00
2.337421602979314450e+00
2.337421602979314450e+00
2.337421602979314450e+00
2.337421602979314450e+00
2.337421602979314450e+00
2.337421602979314450e+00
2.337421602979314450e+00
2.337421602979314450e+00
2.337421602979314450e+00
2.337421602979314450e+00
2.337421602979314450e+00
2.337421602979314450e+00
2.337421602979314450e+00
2.337421602979314450e+00
2.337421602979314450e+00
2.337421602979314450e+00
2.337421602979314450e+00
2.337421602979314450e+00
2.337421602979314450e+00
2.337421602979314450e+00
2.082659303667505402e+00
2.082659303667505402e+00
2.082659303667505402e+00
2.082659303667505402e+00
2.082659303667505402e+00
2.082659303667505402e+00
2.082659303667505402e+00
2.082659303667505402e+00
2.082659303667505402e+00
2.082659303667505402e+00
2.082659303667505402e+00
2.082659303667505402e+00
2.082659303667505402e+00
2.082659303667505402e+00
2.082659303667505402e+00
2.082659303667505402e+00
2.082659303667505402e+00
2.082659303667505402e+00
2.082659303667505402e+00
2.082659303667505402e+00
2.082659303667505402e+00
2.082659303667505402e+00
2.082659303667505402e+00
2.082659303667505402e+00
2.082659303667505402e+00
2.082659303667505402e+00
2.082659303667505402e+00
1.592848013343873603e+00
1.592848013343873603e+00
1.592848013343873603e+00
1.592848013343873603e+00
1.592848013343873603e+00
1.592848013343873603e+00
1.592848013343873603e+00
1.592848013343873603e+00
1.592848013343873603e+00
1.592848013343873603e+00
1.592848013343873603e+00
1.592848013343873603e+00
1.592848013343873603e+00
1.592848013343873603e+00
1.592848013343873603e+00
1.592848013343873603e+00
1.592848013343873603e+00
1.592848013343873603e+00
1.592848013343873603e+00
1.592848013343873603e+00
1.592848013343873603e+00
1.592848013343873603e+00
1.592848013343873603e+00
1.592848013343873603e+00
1.592848013343873603e+00
1.592848013343873603e+00
1.592848013343873603e+00
1.592848013343873603e+00
1.592848013343873603e+00
1.592848013343873603e+00
1.592848013343873603e+00
1.319058496320345775e+00
1.319058496320345775e+00
1.319058496320345775e+00
1.319058496320345775e+00
1.319058496320345775e+00
1.319058496320345775e+00
1.319058496320345775e+00
1.319058496320345775e+00
1.319058496320345775e+00
1.319058496320345775e+00
1.319058496320345775e+00
1.319058496320345775e+00
1.319058496320345775e+00
1.319058496320345775e+00
1.319058496320345775e+00
1.319058496320345775e+00
1.319058496320345775e+00
1.319058496320345775e+00
1.319058496320345775e+00
1.319058496320345775e+00
1.319058496320345775e+00
1.319058496320345775e+00
1.319058496320345775e+00
1.319058496320345775e+00
1.319058496320345775e+00
1.319058496320345775e+00
1.319058496320345775e+00
1.319058496320345775e+00
1.319058496320345775e+00
1.319058496320345775e+00
1.319058496320345775e+00
1.319058496320345775e+00
1.319058496320345775e+00
1.319058496320345775e+00
1.319058496320345775e+00
1.319058496320345775e+00
1.319058496320345775e+00
1.178932466576635862e+00
1.178932466576635862e+00
1.178932466576635862e+00
1.178932466576635862e+00
1.178932466576635862e+00
1.178932466576635862e+00
1.178932466576635862e+00
1.178932466576635862e+00
1.178932466576635862e+00
1.178932466576635862e+00
1.178932466576635862e+00
1.178932466576635862e+00
1.178932466576635862e+00
1.178932466576635862e+00
1.178932466576635862e+00
1.178932466576635862e+00
1.178932466576635862e+00
1.178932466576635862e+00
1.178932466576635862e+00
1.178932466576635862e+00
1.178932466576635862e+00
1.178932466576635862e+00
1.178932466576635862e+00
1.178932466576635862e+00
1.178932466576635862e+00
1.178932466576635862e+00
1.178932466576635862e+00
1.178932466576635862e+00
1.178932466576635862e+00
1.178932466576635862e+00
1.178932466576635862e+00
1.178932466576635862e+00
1.178932466576635862e+00
1.178932466576635862e+00
1.178932466576635862e+00
1.178932466576635862e+00
1.178932466576635862e+00
1.178932466576635862e+00
1.178932466576635862e+00
1.178932466576635862e+00
1.178932466576635862e+00
1.178932466576635862e+00
1.092674358639974974e+00
1.092674358639974974e+00
1.092674358639974974e+00
1.092674358639974974e+00
1.092674358639974974e+00
1.092674358639974974e+00
1.092674358639974974e+00
1.092674358639974974e+00
1.092674358639974974e+00
1.092674358639974974e+00
1.092674358639974974e+00
1.092674358639974974e+00
1.092674358639974974e+00
1.092674358639974974e+00
1.092674358639974974e+00
1.092674358639974974e+00
1.092674358639974974e+00
1.092674358639974974e+00
1.092674358639974974e+00
1.092674358639974974e+00
1.092674358639974974e+00
1.092674358639974974e+00
1.092674358639974974e+00
1.092674358639974974e+00
1.092674358639974974e+00
1.092674358639974974e+00
1.092674358639974974e+00
1.092674358639974974e+00
1.092674358639974974e+00
1.092674358639974974e+00
1.092674358639974974e+00
1.092674358639974974e+00
1.092674358639974974e+00
1.092674358639974974e+00
1.092674358639974974e+00
1.092674358639974974e+00
1.092674358639974974e+00
1.092674358639974974e+00
1.092674358639974974e+00
1.092674358639974974e+00
1.092674358639974974e+00
1.092674358639974974e+00
1.092674358639974974e+00
1.092674358639974974e+00
1.092674358639974974e+00
1.092674358639974974e+00
1.016892123393485337e+00
1.016892123393485337e+00
1.016892123393485337e+00
1.016892123393485337e+00
1.016892123393485337e+00
1.016892123393485337e+00
1.016892123393485337e+00
1.016892123393485337e+00
1.016892123393485337e+00
1.016892123393485337e+00
1.016892123393485337e+00
1.016892123393485337e+00
1.016892123393485337e+00
1.016892123393485337e+00
1.016892123393485337e+00
1.016892123393485337e+00
1.016892123393485337e+00
1.016892123393485337e+00
1.016892123393485337e+00
1.016892123393485337e+00
1.016892123393485337e+00
1.016892123393485337e+00
1.016892123393485337e+00
1.016892123393485337e+00
1.016892123393485337e+00
1.016892123393485337e+00
1.016892123393485337e+00
1.016892123393485337e+00
1.016892123393485337e+00
1.016892123393485337e+00
1.016892123393485337e+00
1.016892123393485337e+00
1.016892123393485337e+00
1.016892123393485337e+00
1.016892123393485337e+00
1.016892123393485337e+00
1.016892123393485337e+00
1.016892123393485337e+00
1.016892123393485337e+00
1.016892123393485337e+00
1.016892123393485337e+00
1.016892123393485337e+00
1.016892123393485337e+00
1.016892123393485337e+00
1.016892123393485337e+00
1.016892123393485337e+00
1.016892123393485337e+00
1.016892123393485337e+00
1.016892123393485337e+00
1.016892123393485337e+00
1.016892123393485337e+00
9.446521075086157238e-01
9.446521075086157238e-01
9.446521075086157238e-01
9.446521075086157238e-01
9.446521075086157238e-01
9.446521075086157238e-01
9.446521075086157238e-01
9.446521075086157238e-01
9.446521075086157238e-01
9.446521075086157238e-01
9.446521075086157238e-01
9.446521075086157238e-01
9.446521075086157238e-01
9.446521075086157238e-01
9.446521075086157238e-01
9.446521075086157238e-01
9.446521075086157238e-01
9.446521075086157238e-01
9.446521075086157238e-01
9.446521075086157238e-01
9.446521075086157238e-01
9.446521075086157238e-01
9.446521075086157238e-01
9.446521075086157238e-01
9.446521075086157238e-01
9.446521075086157238e-01
9.446521075086157238e-01
9.446521075086157238e-01
9.446521075086157238e-01
9.446521075086157238e-01
9.446521075086157238e-01
9.446521075086157238e-01
9.446521075086157238e-01
9.446521075086157238e-01
9.446521075086157238e-01
9.446521075086157238e-01
9.446521075086157238e-01
9.446521075086157238e-01
9.446521075086157238e-01
9.446521075086157238e-01
9.446521075086157238e-01
9.446521075086157238e-01
9.446521075086157238e-01
9.446521075086157238e-01
9.446521075086157238e-01
9.446521075086157238e-01
9.446521075086157238e-01
9.446521075086157238e-01
9.446521075086157238e-01
9.446521075086157238e-01
9.446521075086157238e-01
9.446521075086157238e-01
9.446521075086157238e-01
9.446521075086157238e-01
9.446521075086157238e-01
9.446521075086157238e-01
