-6.885234201918201402e-02
-6.885234201918201402e-02
-6.885234201918201402e-02
-6.885234201918201402e-02
-6.885234201918201402e-02
-6.885234201918201402e-02
-6.885234201918201402e-02
-6.885234201918201402e-02
-6.885234201918201402e-02
2.173959272797953424e-01
2.173959272797953424e-01
2.173959272797953424e-01
2.173959272797953424e-01
2.173959272797953424e-01
2.173959272797953424e-01
2.173959272797953424e-01
2.173959272797953424e-01
2.173959272797953424e-01
-2.221657821595002247e-04
-2.221657821595002247e-04
-2.221657821595002247e-04
4.773768234750301875e-01
4.773768234750301875e-01
1.438210344185310574e-01
1.438210344185310574e-01
1.438210344185310574e-01
1.438210344185310574e-01
1.438210344185310574e-01
1.438210344185310574e-01
1.438210344185310574e-01
1.438210344185310574e-01
1.438210344185310574e-01
1.438210344185310574e-01
5.948787144844489561e-01
5.948787144844489561e-01
5.948787144844489561e-01
5.948787144844489561e-01
5.948787144844489561e-01
5.948787144844489561e-01
5.948787144844489561e-01
5.948787144844489561e-01
5.948787144844489561e-01
5.948787144844489561e-01
5.948787144844489561e-01
5.948787144844489561e-01
5.948787144844489561e-01
5.948787144844489561e-01
5.948787144844489561e-01
7.132037009976455177e-01
5.549393766980664777e-01
5.549393766980664777e-01
5.549393766980664777e-01
5.549393766980664777e-01
5.549393766980664777e-01
5.549393766980664777e-01
5.549393766980664777e-01
5.549393766980664777e-01
5.549393766980664777e-01
5.549393766980664777e-01
5.549393766980664777e-01
5.549393766980664777e-01
5.549393766980664777e-01
5.549393766980664777e-01
5.549393766980664777e-01
5.549393766980664777e-01
7.817812617701884736e-01
7.817812617701884736e-01
7.817812617701884736e-01
7.817812617701884736e-01
7.817812617701884736e-01
7.817812617701884736e-01
7.817812617701884736e-01
7.817812617701884736e-01
7.817812617701884736e-01
7.817812617701884736e-01
7.817812617701884736e-01
7.267226198910747836e-01
7.267226198910747836e-01
7.267226198910747836e-01
7.267226198910747836e-01
7.267226198910747836e-01
7.267226198910747836e-01
7.267226198910747836e-01
7.267226198910747836e-01
8.540595960864393321e-01
8.540595960864393321e-01
8.540595960864393321e-01
8.540595960864393321e-01
8.540595960864393321e-01
8.540595960864393321e-01
8.540595960864393321e-01
8.540595960864393321e-01
8.540595960864393321e-01
8.540595960864393321e-01
8.540595960864393321e-01
8.540595960864393321e-01
8.540595960864393321e-01
8.540595960864393321e-01
8.540595960864393321e-01
7.879020817562230050e-01
7.879020817562230050e-01
7.879020817562230050e-01
7.879020817562230050e-01
7.879020817562230050e-01
7.879020817562230050e-01
8.949529651854040146e-01
8.949529651854040146e-01
8.949529651854040146e-01
8.949529651854040146e-01
8.655774987355691064e-01
8.655774987355691064e-01
8.655774987355691064e-01
8.655774987355691064e-01
8.655774987355691064e-01
8.655774987355691064e-01
8.655774987355691064e-01
8.655774987355691064e-01
8.655774987355691064e-01
8.655774987355691064e-01
8.655774987355691064e-01
8.655774987355691064e-01
8.655774987355691064e-01
8.655774987355691064e-01
8.655774987355691064e-01
8.655774987355691064e-01
8.655774987355691064e-01
8.655774987355691064e-01
9.369225067263261542e-01
9.369225067263261542e-01
9.369225067263261542e-01
9.369225067263261542e-01
9.369225067263261542e-01
9.369225067263261542e-01
9.369225067263261542e-01
9.369225067263261542e-01
9.369225067263261542e-01
9.369225067263261542e-01
9.369225067263261542e-01
9.369225067263261542e-01
9.369225067263261542e-01
9.369225067263261542e-01
9.369225067263261542e-01
9.369225067263261542e-01
9.369225067263261542e-01
9.369225067263261542e-01
9.369225067263261542e-01
9.369225067263261542e-01
9.369225067263261542e-01
9.369225067263261542e-01
9.425390676360725362e-01
9.425390676360725362e-01
9.425390676360725362e-01
9.425390676360725362e-01
9.425390676360725362e-01
9.425390676360725362e-01
9.425390676360725362e-01
9.425390676360725362e-01
9.425390676360725362e-01
9.425390676360725362e-01
9.425390676360725362e-01
9.425390676360725362e-01
9.425390676360725362e-01
9.425390676360725362e-01
9.425390676360725362e-01
9.425390676360725362e-01
9.425390676360725362e-01
9.425390676360725362e-01
9.425390676360725362e-01
9.425390676360725362e-01
9.425390676360725362e-01
9.425390676360725362e-01
9.425390676360725362e-01
9.425390676360725362e-01
9.425390676360725362e-01
9.425390676360725362e-01
9.723370947296431366e-01
9.723370947296431366e-01
9.723370947296431366e-01
9.723370947296431366e-01
9.723370947296431366e-01
9.723370947296431366e-01
9.723370947296431366e-01
9.723370947296431366e-01
9.723370947296431366e-01
9.723370947296431366e-01
9.723370947296431366e-01
9.723370947296431366e-01
9.723370947296431366e-01
9.723370947296431366e-01
9.735826691587058379e-01
9.735826691587058379e-01
9.735826691587058379e-01
9.735826691587058379e-01
9.735826691587058379e-01
9.735826691587058379e-01
9.735826691587058379e-01
9.735826691587058379e-01
9.735826691587058379e-01
9.735826691587058379e-01
9.735826691587058379e-01
9.735826691587058379e-01
9.848119855484616103e-01
9.848119855484616103e-01
9.848119855484616103e-01
9.848119855484616103e-01
9.848119855484616103e-01
9.848119855484616103e-01
9.848119855484616103e-01
9.848119855484616103e-01
9.848119855484616103e-01
9.848119855484616103e-01
9.848119855484616103e-01
9.848119855484616103e-01
9.848119855484616103e-01
9.848119855484616103e-01
9.848119855484616103e-01
9.848119855484616103e-01
9.848119855484616103e-01
9.848119855484616103e-01
9.848119855484616103e-01
9.848119855484616103e-01
9.747411249824854407e-01
9.747411249824854407e-01
9.747411249824854407e-01
9.926695992639740229e-01
9.926695992639740229e-01
9.926695992639740229e-01
9.875463003676292484e-01
9.875463003676292484e-01
9.875463003676292484e-01
9.875463003676292484e-01
9.875463003676292484e-01
9.875463003676292484e-01
9.875463003676292484e-01
9.875463003676292484e-01
9.875463003676292484e-01
9.875463003676292484e-01
9.875463003676292484e-01
9.875463003676292484e-01
9.875463003676292484e-01
9.875463003676292484e-01
9.875463003676292484e-01
9.875463003676292484e-01
9.875463003676292484e-01
9.875463003676292484e-01
9.875463003676292484e-01
9.875463003676292484e-01
9.875463003676292484e-01
9.875463003676292484e-01
9.875463003676292484e-01
9.875463003676292484e-01
1.001214819330402683e+00
1.001214819330402683e+00
1.001214819330402683e+00
1.001214819330402683e+00
1.001214819330402683e+00
1.001214819330402683e+00
1.001214819330402683e+00
1.001214819330402683e+00
9.955550778351157648e-01
9.955550778351157648e-01
9.955550778351157648e-01
9.955550778351157648e-01
9.955550778351157648e-01
9.955550778351157648e-01
9.955550778351157648e-01
9.955550778351157648e-01
9.955550778351157648e-01
9.955550778351157648e-01
9.955550778351157648e-01
9.955550778351157648e-01
9.955550778351157648e-01
9.955550778351157648e-01
9.955550778351157648e-01
9.955550778351157648e-01
9.955550778351157648e-01
9.955550778351157648e-01
9.955550778351157648e-01
9.955550778351157648e-01
9.955550778351157648e-01
9.955550778351157648e-01
9.955550778351157648e-01
9.955550778351157648e-01
9.955550778351157648e-01
9.955550778351157648e-01
9.955550778351157648e-01
9.955550778351157648e-01
9.955550778351157648e-01
9.930302437429858742e-01
9.930302437429858742e-01
9.970317038871633342e-01
9.978918821307957154e-01
9.978918821307957154e-01
9.978918821307957154e-01
9.978918821307957154e-01
9.978918821307957154e-01
9.978918821307957154e-01
9.978918821307957154e-01
9.978918821307957154e-01
9.978918821307957154e-01
9.978918821307957154e-01
9.978918821307957154e-01
9.978918821307957154e-01
9.978918821307957154e-01
9.978918821307957154e-01
9.978918821307957154e-01
9.978918821307957154e-01
9.978918821307957154e-01
9.978918821307957154e-01
9.978918821307957154e-01
9.978918821307957154e-01
9.978918821307957154e-01
9.978918821307957154e-01
9.978918821307957154e-01
9.978918821307957154e-01
9.978918821307957154e-01
9.978918821307957154e-01
9.978918821307957154e-01
9.978918821307957154e-01
9.978918821307957154e-01
9.978918821307957154e-01
9.978918821307957154e-01
9.978918821307957154e-01
9.978918821307957154e-01
9.978918821307957154e-01
9.996821997009186500e-01
9.996821997009186500e-01
9.996821997009186500e-01
9.996821997009186500e-01
9.996821997009186500e-01
9.996821997009186500e-01
9.996821997009186500e-01
9.996821997009186500e-01
9.996821997009186500e-01
9.996821997009186500e-01
9.996821997009186500e-01
9.996821997009186500e-01
9.996821997009186500e-01
9.996821997009186500e-01
9.996821997009186500e-01
9.996821997009186500e-01
9.996821997009186500e-01
9.996821997009186500e-01
9.996821997009186500e-01
9.996821997009186500e-01
9.996821997009186500e-01
9.996821997009186500e-01
9.996821997009186500e-01
9.996821997009186500e-01
9.996821997009186500e-01
9.996821997009186500e-01
9.996821997009186500e-01
1.000176192833348798e+00
1.000176192833348798e+00
1.000176192833348798e+00
1.000176192833348798e+00
1.000176192833348798e+00
1.000176192833348798e+00
1.000176192833348798e+00
1.000176192833348798e+00
1.000176192833348798e+00
1.000176192833348798e+00
9.999911945202990537e-01
9.999911945202990537e-01
9.999911945202990537e-01
9.999911945202990537e-01
9.999911945202990537e-01
9.999911945202990537e-01
9.999911945202990537e-01
9.999911945202990537e-01
9.999911945202990537e-01
9.999911945202990537e-01
9.998664168679928244e-01
9.998664168679928244e-01
9.998664168679928244e-01
9.998664168679928244e-01
9.998664168679928244e-01
9.998664168679928244e-01
9.998664168679928244e-01
9.998664168679928244e-01
9.998664168679928244e-01
9.998664168679928244e-01
9.998664168679928244e-01
9.998664168679928244e-01
9.998664168679928244e-01
9.998664168679928244e-01
9.998664168679928244e-01
9.998664168679928244e-01
9.998664168679928244e-01
9.998664168679928244e-01
9.998664168679928244e-01
9.998664168679928244e-01
9.998664168679928244e-01
9.998664168679928244e-01
9.998664168679928244e-01
9.998664168679928244e-01
9.998664168679928244e-01
9.998664168679928244e-01
9.998664168679928244e-01
9.998664168679928244e-01
