-5.650703924631748963e-04
-2.430144989054722551e-02
-4.803782938863129098e-02
-5.642416441059963650e-02
-5.991459469942299332e-02
-6.668583033488993672e-02
-6.341080725446279764e-02
-5.771233382673861961e-02
-5.201386039901449015e-02
-4.261890949388531802e-02
-3.026565865476023298e-02
-1.906887295047018580e-02
-3.657901168223969771e-03
1.141266888370422693e-02
2.648323893563225492e-02
4.320292804523371416e-02
5.984191109175391460e-02
7.648089413827430239e-02
9.098837675057080965e-02
1.107467993363605158e-01
1.279204051938324926e-01
1.450940110513045944e-01
1.603452942891407662e-01
1.785002368239752002e-01
1.954863245759973223e-01
2.118310694118452076e-01
2.277486349583347780e-01
2.430963926261115182e-01
2.607106964266906468e-01
2.756197992319260881e-01
2.905289020371615849e-01
3.027826373284223105e-01
3.202981858285083860e-01
3.343265496247427304e-01
3.490078901638788422e-01
3.610017237253798639e-01
3.755508043591826439e-01
3.888886091995439331e-01
4.022264140399051113e-01
4.141690491983522904e-01
4.260108203306094410e-01
4.378424959545168527e-01
4.499637860241633147e-01
4.619091255748082325e-01
4.727250916442630735e-01
4.835410577137179700e-01
4.941427332640497827e-01
5.048390383187932873e-01
5.155353433735369029e-01
5.244055303398651446e-01
5.335773906773370046e-01
5.442519558718046380e-01
5.531670175780304399e-01
5.620820792842559088e-01
5.697753560825782326e-01
5.800089299585410307e-01
5.880182924186355686e-01
5.964612632438272000e-01
6.050416813824924800e-01
6.121704039128874619e-01
6.198444906364727336e-01
6.275185773600574501e-01
6.351926640836426108e-01
6.418434336900918913e-01
6.486215923936119454e-01
6.553889313793429539e-01
6.622537762961018259e-01
6.691884462789410293e-01
6.755371603212987353e-01
6.818858743636564412e-01
6.878924650172792976e-01
6.938618551476074536e-01
7.001903261074011731e-01
7.056275912806682094e-01
7.110648564539353567e-01
7.161911611323381610e-01
7.216204829380364894e-01
7.278331362371178725e-01
7.327452113835860592e-01
7.376572865300543569e-01
7.425693616765227656e-01
7.474814368229910633e-01
7.525073175773078216e-01
7.568397805066074957e-01
7.615119390568472202e-01
7.661840976070868336e-01
7.708562561573263361e-01
7.741909309399831463e-01
7.788590137097969324e-01
7.830670781842771211e-01
7.872751426587574208e-01
7.914832071332376096e-01
7.950930764519525962e-01
7.987817866568011071e-01
8.024704968616499512e-01
8.060360970730778840e-01
8.097892114833544763e-01
8.137046552466712379e-01
8.170170085559622652e-01
8.203293618652531816e-01
8.236417151745442089e-01
8.269540684838351252e-01
8.301540409535386189e-01
8.333022499288211815e-01
8.364504589041036331e-01
8.395986678793860847e-01
8.427468768546686473e-01
8.451696527440506479e-01
8.479367861572595366e-01
8.510958729041867565e-01
8.539153843165431246e-01
8.567348957288992706e-01
8.594425329649196810e-01
8.619316714674259972e-01
8.644208099699326464e-01
8.669099484724391846e-01
8.693456800512114890e-01
8.718741712186325321e-01
8.745132817475159692e-01
8.767503499008727497e-01
8.789874180542295301e-01
8.812244862075864216e-01
8.834615543609433130e-01
8.858680676527964648e-01
8.878716326285318594e-01
8.898553676900003984e-01
8.919660874513335447e-01
8.940768072126664689e-01
8.961875269739993932e-01
8.977392681523915785e-01
8.998581191198896656e-01
9.017416276855880763e-01
9.036251362512864871e-01
9.055086448169848978e-01
9.073921533826830865e-01
9.090009028022796311e-01
9.106474619081463828e-01
9.122940210140134676e-01
9.139525614204055959e-01
9.156378953876342930e-01
9.173232293548629901e-01
9.189750225377063542e-01
9.204495974902061617e-01
9.219241724427059692e-01
9.233987473952056657e-01
9.246248575512570067e-01
9.265021135305530064e-01
9.278199875865509316e-01
9.291378616425489678e-01
9.304557356985471150e-01
9.318214944873605132e-01
9.332035916956610277e-01
9.342311704549147722e-01
9.356712352895065754e-01
9.369046522286725853e-01
9.381380691678387063e-01
9.393714861070048272e-01
9.406049030461707261e-01
9.418383199853367360e-01
9.427613569362437440e-01
9.438172892150029636e-01
9.449577240248658860e-01
9.460571776250392695e-01
9.471566312252127640e-01
9.482560848253864805e-01
9.492616097304664713e-01
9.502014471620575664e-01
9.511412845936485505e-01
9.520811220252397566e-01
9.529631485617703346e-01
9.539424214028235927e-01
9.550143493142024820e-01
9.558528618113304454e-01
9.566913743084584087e-01
9.575298868055865942e-01
9.583683993027147796e-01
9.592069117998427430e-01
9.601221980134277967e-01
9.608601558304097345e-01
9.615702611689159740e-01
9.623415940906416832e-01
9.631129270123676145e-01
9.638842599340933237e-01
9.646555928558190329e-01
9.652123380624860749e-01
9.659808990509014537e-01
9.666722331759000086e-01
9.673635673008986746e-01
9.680549014258973406e-01
9.687462355508960066e-01
9.693766403486977490e-01
9.699413543759982659e-01
9.705060684032986718e-01
9.711034116515578907e-01
9.717135263592158179e-01
9.723236410668735230e-01
9.729337557745312282e-01
9.735400471627416730e-01
9.740380197491955716e-01
9.745359923356496923e-01
9.750339649221037019e-01
9.755319375085577116e-01
9.760436380382366828e-01
9.765847432948038254e-01
9.771674472203158990e-01
9.776047025915984845e-01
9.780419579628809590e-01
9.784792133341636555e-01
9.789164687054463521e-01
9.793537240767289376e-01
9.797909794480116341e-01
9.802792596021042693e-01
9.806404688006905568e-01
9.810547559852939026e-01
9.814690431698971373e-01
9.818833303545002611e-01
9.822976175391036069e-01
9.827119047237067306e-01
9.829950653748001921e-01
9.833454319351628836e-01
9.837113525451193219e-01
9.840772731550759822e-01
9.844431937650324205e-01
9.848091143749889698e-01
9.851750349849455191e-01
9.854596614164823354e-01
9.857463001879801512e-01
9.860329389594781890e-01
9.863095756503231781e-01
9.866332673758724248e-01
9.869569591014217824e-01
9.872806508269711401e-01
9.875887232822223583e-01
9.878413082546411150e-01
9.880938932270599828e-01
9.883464781994789616e-01
9.885990631718977184e-01
9.888516481443168082e-01
9.890639850011498924e-01
9.893353859753879487e-01
9.896408421768285724e-01
9.898600536750180590e-01
9.900792651732076566e-01
9.902984766713970322e-01
9.905176881695862967e-01
9.907569306927466180e-01
9.909884051518037529e-01
9.911458161480025675e-01
9.913534245810602386e-01
9.915610330141175766e-01
9.917686414471751366e-01
9.919762498802326967e-01
9.921838583132902567e-01
9.923684232301868136e-01
9.925244132615047565e-01
9.926804032928229216e-01
9.928386705892241482e-01
9.930242886537123947e-01
9.932099067182006413e-01
9.933955247826888879e-01
9.935708263150258013e-01
9.937090937524073464e-01
9.938473611897888915e-01
9.939856286271704366e-01
9.941238960645520928e-01
9.942621635019335269e-01
9.944268212110605187e-01
9.945460854011436425e-01
9.946946778893031027e-01
9.948282644945816156e-01
9.949618510998600174e-01
9.950954377051380861e-01
9.952290243104167100e-01
9.953643972392480777e-01
9.954711030580517539e-01
9.955778088768557632e-01
9.956845146956595505e-01
9.957976821153516900e-01
9.959284009955701178e-01
9.960397478309086505e-01
9.961333673119476817e-01
9.962269867929868239e-01
9.963206062740259661e-01
9.964142257550651083e-01
9.965078452361040284e-01
9.966014647171430596e-01
9.967114082827934762e-01
9.967830552556090629e-01
9.968705121824861237e-01
9.969579691093630736e-01
9.970454260362401344e-01
9.971328829631173063e-01
9.972203398899943672e-01
9.973077968168714280e-01
9.973952537437483779e-01
9.974565554415326663e-01
9.975150882244429029e-01
9.975690562350483237e-01
9.976448646377298335e-01
9.977206730404114543e-01
9.977964814430928531e-01
9.978722898457744739e-01
9.979480982484559837e-01
9.980031347488310667e-01
9.980538920465170660e-01
9.981046493442027323e-01
9.981554066418887317e-01
9.982061639395746200e-01
9.982632425244284402e-01
9.983278357974725292e-01
9.983924290705168403e-01
9.984481562156782841e-01
9.984916413953418557e-01
9.985351265750056493e-01
9.985786117546692209e-01
9.986220969343330145e-01
9.986655821139969191e-01
9.987090672936606017e-01
9.987683452749577251e-01
9.988056117114744170e-01
9.988353017786266719e-01
9.988764233870872644e-01
9.989175449955478570e-01
9.989586666040084495e-01
9.989997882124688200e-01
9.990409098209294125e-01
9.990728845080524279e-01
9.990973237535313300e-01
9.991200515615197286e-01
9.991546366646915089e-01
9.991892217678635113e-01
9.992238068710352916e-01
9.992583919742070719e-01
9.992929770773789633e-01
9.993275621805505216e-01
9.993464946079683164e-01
9.993665567071410294e-01
9.993866188063138534e-01
9.994066809054865663e-01
9.994289595377023883e-01
9.994573194359070989e-01
9.994856793341114765e-01
9.995140392323160761e-01
9.995404639930663970e-01
9.995563568216521144e-01
9.995722496502379428e-01
9.995881424788235492e-01
9.996040353074092666e-01
9.996199281359948730e-01
9.996358209645805903e-01
9.996567263292971406e-01
9.996796655698523271e-01
9.996986837685852834e-01
9.997113024947724691e-01
9.997239212209594328e-01
9.997365399471463965e-01
9.997491586733334712e-01
9.997617773995204349e-01
9.997743961257075096e-01
9.997924914697481347e-01
9.998068735602003709e-01
9.998082489257809069e-01
9.998193707232178040e-01
9.998304925206549232e-01
9.998416143180918203e-01
9.998527361155290505e-01
9.998638579129660586e-01
9.998749797104030668e-01
9.998861015078402970e-01
9.998936164473815058e-01
9.998986891686042489e-01
9.999037618898272139e-01
9.999074693836573768e-01
9.999161200583015496e-01
9.999247707329456114e-01
9.999334214075896732e-01
9.999420720822336239e-01
9.999446782977035042e-01
9.999485074641580873e-01
9.999523366306125594e-01
9.999561657970671424e-01
9.999608778150770316e-01
9.999661130701342771e-01
9.999713483251915225e-01
9.999765835802487679e-01
9.999796100040400093e-01
9.999814239456559228e-01
9.999832378872720584e-01
9.999850518288883050e-01
9.999868657705046626e-01
9.999886797121205761e-01
9.999966463223992630e-01
9.999931887219484228e-01
9.999949377582219023e-01
9.999959884255943399e-01
9.999970390929669994e-01
9.999980897603394370e-01
9.999991404277117635e-01
1.000000191095084201e+00
1.000001241762456639e+00
