8.428720569440437682e-01
8.612665098363287974e-01
8.796609627286136046e-01
8.980554156208984118e-01
9.164498685131833300e-01
9.348443214054682482e-01
9.532387742977529443e-01
9.716332271900380846e-01
9.900276800823228918e-01
1.008064720835299299e+00
1.023488807541727441e+00
1.038912894248155583e+00
1.054336980954583503e+00
1.069761067661011422e+00
1.085185154367439564e+00
1.100609241073867484e+00
1.116033327780295403e+00
1.130386318187527994e+00
1.143675711708070253e+00
1.156965105228611845e+00
1.170254498749154104e+00
1.183543892269696141e+00
1.196833285790237955e+00
1.210122679310779548e+00
1.223412072831321806e+00
1.236711707885302713e+00
1.248686295299814786e+00
1.260660882714326636e+00
1.272635470128838486e+00
1.284610057543350559e+00
1.296584644957862409e+00
1.308559232372374481e+00
1.320533819786886554e+00
1.332245159694598557e+00
1.343735686895533687e+00
1.355226214096469040e+00
1.366716741297404170e+00
1.378207268498339744e+00
1.389697795699275096e+00
1.401188322900210226e+00
1.412678850101145578e+00
1.424136442475863573e+00
1.435874339567055014e+00
1.447612236658246898e+00
1.459350133749438116e+00
1.471088030840629779e+00
1.482825927931821219e+00
1.494563825023012438e+00
1.506614190494446337e+00
1.519260836445491814e+00
1.531907482396536846e+00
1.544554128347582322e+00
1.557200774298627577e+00
1.569847420249673053e+00
1.582494066200718530e+00
1.595735367368606994e+00
1.610072705338402965e+00
1.624410043308198714e+00
1.638747381277994686e+00
1.653084719247790435e+00
1.667422057217586184e+00
1.681759395187382156e+00
1.697130345433350396e+00
1.714145618431626161e+00
1.731160891429901705e+00
1.748176164428177248e+00
1.765191437426452570e+00
1.782206710424728113e+00
1.799221983423003435e+00
1.819367933119912628e+00
1.839858982407135857e+00
1.860350031694359085e+00
1.880841080981581870e+00
1.901332130268805098e+00
1.921823179556028549e+00
1.942756461341868190e+00
1.969568644512309730e+00
1.996380827682751269e+00
2.023193010853192586e+00
2.050005194023634569e+00
2.076817377194075664e+00
2.103629560364517648e+00
2.135043893148701244e+00
2.168742720988241945e+00
2.202441548827783091e+00
2.236140376667324237e+00
2.269839204506864938e+00
2.303538032346406084e+00
2.346599288154077811e+00
2.390196340447119372e+00
2.433793392740160932e+00
2.477390445033202049e+00
2.520987497326244053e+00
2.567878965232136768e+00
2.624932748106672875e+00
2.681986530981209427e+00
2.739040313855746422e+00
2.796094096730282530e+00
2.853147879604819526e+00
2.925123148157615649e+00
3.001183756689562721e+00
3.077244365221508460e+00
3.153304973753455531e+00
3.229365582285400826e+00
3.315890380695906359e+00
3.415745302232225722e+00
3.515600223768544641e+00
3.615455145304863116e+00
3.715310066841180703e+00
3.815164988377499622e+00
3.390577000835060861e+00
3.309406719993513324e+00
3.228236439151965786e+00
3.147066158310417361e+00
3.065895877468869823e+00
2.984725596627322286e+00
2.910035602795896459e+00
2.847762115464840260e+00
2.785488628133783617e+00
2.723215140802726975e+00
2.660941653471670332e+00
2.594046842502230277e+00
2.546914906054585259e+00
2.499782969606940686e+00
2.452651033159295668e+00
2.405519096711651095e+00
2.358387160264006521e+00
2.310628502028217124e+00
2.274560546627805380e+00
2.238492591227394968e+00
2.202424635826983668e+00
2.166356680426571923e+00
2.130288725026161067e+00
2.091797722886933997e+00
2.064182095412713913e+00
2.036566467938493830e+00
2.008950840464274190e+00
1.981335212990054107e+00
1.953719585515833357e+00
1.926103958041613495e+00
1.901566872767255223e+00
1.879856070542356150e+00
1.858145268317457077e+00
1.836434466092558671e+00
1.814723663867659376e+00
1.793012861642760525e+00
1.771538609919682150e+00
1.754576197732976572e+00
1.737613785546271439e+00
1.720651373359565639e+00
1.703688961172860505e+00
1.686726548986154484e+00
1.669764136799449128e+00
1.654119623884065637e+00
1.640623222618670773e+00
1.627126821353275687e+00
1.613630420087880823e+00
1.600134018822485737e+00
1.586637617557090651e+00
1.573141216291695788e+00
1.560422373708911792e+00
1.549695404172906521e+00
1.538968434636901916e+00
1.528241465100897090e+00
1.517514495564892707e+00
1.506787526028887658e+00
1.496060556492883276e+00
1.485419444715826875e+00
1.476752806631857151e+00
1.468086168547887649e+00
1.459419530463918147e+00
1.450752892379948644e+00
1.442086254295978920e+00
1.433419616212009418e+00
1.424752978128039915e+00
1.416980776360400318e+00
1.409926051816071002e+00
1.402871327271741464e+00
1.395816602727412148e+00
1.388761878183082832e+00
1.381707153638753294e+00
1.374652429094423978e+00
1.367597704550094440e+00
1.361535180706901382e+00
1.355732493453880583e+00
1.349929806200860227e+00
1.344127118947839428e+00
1.338324431694818850e+00
1.332521744441798273e+00
1.326719057188777695e+00
1.320916369935757340e+00
1.315982350819135949e+00
1.311138475368822665e+00
1.306294599918508936e+00
1.301450724468195430e+00
1.296606849017882146e+00
1.291762973567568862e+00
1.286919098117255578e+00
1.282075222666942071e+00
1.277781497333235317e+00
1.273711292304500642e+00
1.269641087275765745e+00
1.265570882247031514e+00
1.261500677218296840e+00
1.257430472189562387e+00
1.253360267160827046e+00
1.249290062132092816e+00
1.245219857103357919e+00
1.241935723468470254e+00
1.238486658347236036e+00
1.235037593226002484e+00
1.231588528104768265e+00
1.228139462983534713e+00
1.224690397862300717e+00
1.221241332741066721e+00
1.217792267619832947e+00
1.214506411492239257e+00
1.211529536240284477e+00
1.208552660988329697e+00
1.205575785736375138e+00
1.202598910484421024e+00
1.199622035232466244e+00
1.196645159980511686e+00
1.193668284728557127e+00
1.190691409476602569e+00
1.187869630892844253e+00
1.185262527570035029e+00
1.182655424247226028e+00
1.180048320924416805e+00
1.177441217601608026e+00
1.174834114278798358e+00
1.172227010955989579e+00
1.169619907633180356e+00
1.167012804310371132e+00
1.164515821526285189e+00
1.162199878544978970e+00
1.159883935563672530e+00
1.157567992582366090e+00
1.155252049601060094e+00
1.152936106619753875e+00
1.150620163638447435e+00
1.148304220657140995e+00
1.145988277675834999e+00
1.143672334694528780e+00
1.141563481438122141e+00
1.139475624528546227e+00
1.137387767618970535e+00
1.135299910709394622e+00
1.133212053799818708e+00
1.131124196890243017e+00
1.129036339980667103e+00
1.126948483071091189e+00
1.124860626161515498e+00
1.122772769251939584e+00
1.120892634702547852e+00
1.118978717475832996e+00
1.117064800249117917e+00
1.115150883022402839e+00
1.113236965795687983e+00
1.111323048568972904e+00
1.109409131342257826e+00
1.107495214115542970e+00
1.105581296888827891e+00
1.103694125560131356e+00
1.101906055195932987e+00
1.100117984831734841e+00
1.098329914467536694e+00
1.096541844103338326e+00
1.094753773739140179e+00
1.092965703374942033e+00
1.091177633010743886e+00
1.089389562646545739e+00
1.087601492282347371e+00
1.085813421918149224e+00
1.084154873683414122e+00
1.082448048714975908e+00
1.080741223746537250e+00
1.079034398778098813e+00
1.077327573809660377e+00
1.075620748841221941e+00
1.073913923872783505e+00
1.072207098904345068e+00
1.070500273935906632e+00
1.068793448967468196e+00
1.067196856802436589e+00
1.065539478990963795e+00
1.063882101179490780e+00
1.062224723368017765e+00
1.060567345556544971e+00
1.058909967745071956e+00
1.057252589933598941e+00
1.055595212122126147e+00
1.053937834310653354e+00
1.052280456499180117e+00
1.050623078687707324e+00
1.048949725527622112e+00
1.047303012165422542e+00
1.045656298803222528e+00
1.044009585441022514e+00
1.042362872078822722e+00
1.040716158716623152e+00
1.039069445354423138e+00
1.037422731992223346e+00
1.035776018630023554e+00
1.034129305267823762e+00
1.032529988749694372e+00
1.030861655342476535e+00
1.029193321935259142e+00
1.027524988528041527e+00
1.025856655120823691e+00
1.024188321713606076e+00
1.022519988306388461e+00
1.020851654899170846e+00
1.019183321491953009e+00
1.017514988084735172e+00
1.015846654677517558e+00
1.014136271170202219e+00
1.012410954980363265e+00
1.010685638790524310e+00
1.008960322600685355e+00
1.007235006410846179e+00
1.005509690221007224e+00
1.003784374031168269e+00
1.002059057841329093e+00
1.000333741651490138e+00
9.986084254616509615e-01
9.968831092718118958e-01
9.951577930819730522e-01
9.932553771643207741e-01
9.914325112497734960e-01
9.896096453352262179e-01
9.877867794206790508e-01
9.859639135061315507e-01
9.841410475915841616e-01
9.823181816770367725e-01
9.804953157624896054e-01
9.786724498479418832e-01
9.768495839333948272e-01
9.750267180188474381e-01
9.730229185998254815e-01
9.710536501846498414e-01
9.690843817694744233e-01
9.671151133542987832e-01
9.651458449391231431e-01
9.631765765239472810e-01
9.612073081087718629e-01
9.592380396935962228e-01
9.572687712784205827e-01
9.552995028632449426e-01
9.533302344480693025e-01
9.513609660328936624e-01
9.491013538484169842e-01
9.469213802661163859e-01
9.447414066838157876e-01
9.425614331015153002e-01
9.403814595192147019e-01
9.382014859369142146e-01
9.360215123546135052e-01
9.338415387723129069e-01
9.316615651900123085e-01
9.294815916077115991e-01
9.273016180254110008e-01
9.251216444431104025e-01
9.228508495259293287e-01
9.203924926243925997e-01
9.179341357228562037e-01
9.154757788213193637e-01
9.130174219197828567e-01
9.105590650182462387e-01
9.081007081167097317e-01
9.056423512151728916e-01
9.031839943136361626e-01
9.007256374120997666e-01
8.982672805105631486e-01
8.958089236090264196e-01
8.931880364428985697e-01
8.903910448210148321e-01
8.875940531991308724e-01
8.847970615772469127e-01
8.820000699553633972e-01
8.792030783334795485e-01
8.764060867115958109e-01
8.736090950897118512e-01
8.708121034678280026e-01
8.680151118459444870e-01
8.652181202240605273e-01
8.624211286021765677e-01
8.592736208825216826e-01
8.560748424438430204e-01
8.528760640051641362e-01
8.496772855664852520e-01
8.464785071278064787e-01
8.432797286891277055e-01
8.400809502504488213e-01
8.368821718117699371e-01
8.336833933730911639e-01
8.304846149344126127e-01
8.272858364957337285e-01
8.240870580570548443e-01
8.208882796183760711e-01
