-1.541908888138987413e-04
-2.628669654443260492e-02
-4.433662185007997136e-02
-5.635939943823550097e-02
-6.288922371179826720e-02
-6.524522690517688128e-02
-6.353134414325650736e-02
-5.881596987432718970e-02
-5.156743326989336740e-02
-4.201108421794537418e-02
-3.069068056589316709e-02
-1.797497915091093856e-02
-3.962357747880717977e-03
1.085251479072039948e-02
2.638044276775663999e-02
4.254962252604584799e-02
5.861038943480258168e-02
7.589839648097701508e-02
9.247233799464081583e-02
1.100182138566600798e-01
1.267802467425199198e-01
1.442701220909440030e-01
1.610829442297775083e-01
1.780723896349571678e-01
1.944644106789825966e-01
2.114788333006543952e-01
2.278037967026857458e-01
2.431556460700434741e-01
2.595235975782026472e-01
2.746037290748559734e-01
2.901718726012099125e-01
3.051885337758746264e-01
3.196603409037350185e-01
3.342096980645946624e-01
3.480832113347112622e-01
3.616157766706654120e-01
3.749580831204356035e-01
3.890371641153356208e-01
4.014612614999513163e-01
4.138853588845669007e-01
4.266201946664635591e-01
4.382577789046405714e-01
4.498953631428176392e-01
4.615329473809944294e-01
4.727776422444314730e-01
4.834608238326361662e-01
4.941440054208408594e-01
5.048271870090454971e-01
5.147218766912101673e-01
5.245262279597809885e-01
5.343305792283520317e-01
5.436107802630159025e-01
5.529038190868164060e-01
5.621968579106164654e-01
5.714898967344169689e-01
5.792414419168026019e-01
5.876379781718904516e-01
5.960996486677803130e-01
6.040039577014244543e-01
6.119082667350685956e-01
6.192158204703052116e-01
6.268438555554985969e-01
6.355155081956126439e-01
6.421970784150619060e-01
6.488786486345112792e-01
6.555602188539607633e-01
6.622417890734100254e-01
6.681104026005393326e-01
6.759989588449756281e-01
6.818638800426336521e-01
6.877288012402916761e-01
6.935937224379498112e-01
6.994586436356078352e-01
7.059695711307625299e-01
7.110559806406430150e-01
7.164748679967678502e-01
7.218937553528931295e-01
7.273126427090178536e-01
7.327315300651427998e-01
7.381504174212679681e-01
7.435693047773925812e-01
7.458135237059844158e-01
7.503455928122723106e-01
7.567487079065495781e-01
7.613641707401689329e-01
7.659796335737883988e-01
7.705950964074078646e-01
7.752105592410272195e-01
7.798260220746464633e-01
7.825255999379362448e-01
7.863286939726649161e-01
7.901317880073934763e-01
7.948251227259600649e-01
7.986254282453860709e-01
8.024257337648124100e-01
8.062260392842387491e-01
8.100263448036648661e-01
8.138266503230912052e-01
8.171100253100834765e-01
8.202452787045606541e-01
8.233805320990376098e-01
8.265157854935146764e-01
8.296510388879916320e-01
8.327306266320519956e-01
8.358522571649787958e-01
8.389738876979053739e-01
8.420955182308320630e-01
8.452171487637585301e-01
8.483387792966853302e-01
8.517417965540899916e-01
8.542509370173285710e-01
8.567600774805668173e-01
8.592692179438051747e-01
8.617783584070437541e-01
8.642874988702821115e-01
8.667966393335204689e-01
8.693057797967590483e-01
8.713218597028561385e-01
8.737603219078111660e-01
8.761987841127663046e-01
8.786372463177213321e-01
8.824957119493107571e-01
8.843648970662992825e-01
8.862340821832879190e-01
8.881032673002766664e-01
8.899724524172650808e-01
8.918416375342537172e-01
8.937108226512422426e-01
8.955800077682308791e-01
8.974491928852192935e-01
8.993183780022080409e-01
9.011875631191964553e-01
9.030567482361852027e-01
9.049259333531737282e-01
9.064231476632401696e-01
9.069983261488343551e-01
9.112596820954277366e-01
9.127728794710530114e-01
9.142860768466783972e-01
9.157992742223038940e-01
9.173124715979292798e-01
9.188256689735546656e-01
9.203388663491801625e-01
9.218520637248054372e-01
9.233652611004308230e-01
9.248784584760562089e-01
9.263916558516817057e-01
9.279048532273068695e-01
9.294180506029323663e-01
9.309312479785577521e-01
9.324444453541832489e-01
9.339576427298085237e-01
9.354708401054340206e-01
9.333198518150428447e-01
9.345790205024359087e-01
9.390746071425538632e-01
9.401192074734467941e-01
9.411638078043395028e-01
9.422084081352323226e-01
9.432530084661252534e-01
9.442976087970180732e-01
9.453422091279108930e-01
9.463868094588038238e-01
9.474314097896966436e-01
9.484760101205894633e-01
9.495206104514822831e-01
9.505652107823751029e-01
9.516098111132681447e-01
9.526544114441609645e-01
9.536990117750537843e-01
9.547436121059468261e-01
9.557882124368395349e-01
9.568328127677324657e-01
9.578774130986252855e-01
9.589220134295181053e-01
9.567233223559246102e-01
9.573269253339868889e-01
9.579305283120489456e-01
9.585341312901113353e-01
9.619350300338445070e-01
9.626139289077696448e-01
9.632928277816945606e-01
9.639717266556194764e-01
9.646506255295446142e-01
9.653295244034695299e-01
9.660084232773944457e-01
9.666873221513194725e-01
9.673662210252444993e-01
9.680451198991693040e-01
9.687240187730944418e-01
9.694029176470194686e-01
9.700818165209442734e-01
9.707607153948694112e-01
9.714396142687944380e-01
9.721185131427193538e-01
9.727974120166441585e-01
9.734763108905691853e-01
9.741552097644942121e-01
9.748341086384193499e-01
9.755130075123442657e-01
9.745441771392423513e-01
9.748841216009613841e-01
9.752240660626806390e-01
9.755640105243997828e-01
9.759039549861188156e-01
9.762438994478380705e-01
9.783051844699656163e-01
9.787024928028732473e-01
9.790998011357806563e-01
9.794971094686882873e-01
9.798944178015956963e-01
9.802917261345031052e-01
9.806890344674107363e-01
9.810863428003182563e-01
9.814836511332258873e-01
9.818809594661334073e-01
9.822782677990410383e-01
9.826755761319484472e-01
9.830728844648561893e-01
9.834701927977634872e-01
9.838675011306710072e-01
9.842648094635786382e-01
9.846621177964861582e-01
9.850594261293937892e-01
9.854567344623013092e-01
9.858540427952089402e-01
9.862513511281163492e-01
9.866486594610237582e-01
9.870459677939315002e-01
9.855238014473419739e-01
9.857454518635005991e-01
9.859671022796590023e-01
9.861887526958175165e-01
9.864104031119761418e-01
9.888329898636386561e-01
9.890207923393690148e-01
9.892085948150991515e-01
9.893963972908298432e-01
9.895841997665602019e-01
9.897720022422903385e-01
9.899598047180208082e-01
9.901476071937511669e-01
9.903354096694814146e-01
9.905232121452118843e-01
9.907110146209422430e-01
9.908988170966728237e-01
9.910866195724030714e-01
9.912744220481334301e-01
9.914622245238637888e-01
9.916500269995942585e-01
9.918378294753246172e-01
9.920256319510550869e-01
9.922134344267852235e-01
9.924012369025156932e-01
9.925890393782460519e-01
9.927768418539764106e-01
9.929646443297066583e-01
9.931524468054371280e-01
9.933402492811674867e-01
9.935280517568978453e-01
9.937158542326282040e-01
9.939036567083586737e-01
9.940914591840890324e-01
9.942792616598191691e-01
9.944670641355497498e-01
9.946548666112799975e-01
9.948426690870104672e-01
9.950149347069444650e-01
9.951029572996198391e-01
9.951909798922951023e-01
9.952790024849703654e-01
9.953670250776458506e-01
9.954550476703211137e-01
9.955430702629964879e-01
9.956310928556716400e-01
9.957191154483470141e-01
9.958071380410221662e-01
9.959813253731978344e-01
9.960664727778362204e-01
9.961516201824743844e-01
9.962367675871125483e-01
9.963219149917507123e-01
9.964070623963889872e-01
9.964922098010271512e-01
9.965773572056654261e-01
9.966625046103037011e-01
9.967476520149416430e-01
9.968327994195800290e-01
9.969179468242181930e-01
9.970030942288563569e-01
9.970882416334947429e-01
9.971733890381326848e-01
9.972585364427710708e-01
9.973436838474092347e-01
9.974288312520475097e-01
9.975139786566856737e-01
9.975991260613238376e-01
9.976842734659620016e-01
9.977694208706006096e-01
9.978545682752384405e-01
9.979397156798767154e-01
9.980248630845151014e-01
9.981100104891532654e-01
9.981951578937912073e-01
9.982803052984295933e-01
9.983654527030678683e-01
9.984506001077060322e-01
9.985357475123440851e-01
9.986208949169823601e-01
9.987060423216206351e-01
9.987911897262587990e-01
9.988763371308969630e-01
9.980318140551850403e-01
9.983323420375785906e-01
9.984606502863920818e-01
9.984962062121619519e-01
9.985317621379316000e-01
9.985673180637012480e-01
9.986028739894706741e-01
9.986384299152403221e-01
9.986739858410100812e-01
9.987095417667797292e-01
9.987450976925494883e-01
9.987806536183189143e-01
9.988162095440885624e-01
9.988517654698584325e-01
9.988873213956279695e-01
9.989228773213976176e-01
9.989584332471673767e-01
9.989939891729369137e-01
9.990295450987065617e-01
9.990651010244762098e-01
9.991006569502456358e-01
9.991362128760153949e-01
9.991717688017850429e-01
9.992073247275548020e-01
9.992428806533244501e-01
9.992784365790940981e-01
9.993139925048635241e-01
9.993495484306332832e-01
9.993851043564030423e-01
9.994206602821725793e-01
9.994562162079421164e-01
9.994917721337120975e-01
9.995273280594815235e-01
9.995628839852511716e-01
9.995984399110208196e-01
9.996339958367905787e-01
9.996695517625600047e-01
9.997051076883297638e-01
9.997406636140993008e-01
9.997762195398690599e-01
9.998117754656384859e-01
9.998473313914082450e-01
9.998828873171780041e-01
9.999184432429475411e-01
9.999539991687173002e-01
9.999895550944867262e-01
9.998860351540065361e-01
9.998885679980308305e-01
9.998911008420549029e-01
9.998936336860791974e-01
9.998961665301032697e-01
9.998986993741273421e-01
9.999012322181514145e-01
9.999037650621755979e-01
9.999062979061997813e-01
9.999088307502237427e-01
9.999113635942480371e-01
9.999138964382722206e-01
9.999164292822962929e-01
9.999189621263204764e-01
9.999214949703445487e-01
9.999240278143686211e-01
9.999265606583926935e-01
9.999290935024168769e-01
9.999316263464410603e-01
9.999341591904650217e-01
9.999366920344893161e-01
9.999392248785132775e-01
9.999417577225374609e-01
9.999442905665617554e-01
9.999468234105858278e-01
9.999493562546099001e-01
9.999518890986341946e-01
9.999544219426581559e-01
9.999569547866823394e-01
9.999594876307066338e-01
9.999620204747303731e-01
9.999645533187547786e-01
9.999670861627787399e-01
9.999696190068030344e-01
9.999721518508269957e-01
9.999746846948511791e-01
9.999772175388752515e-01
9.999797503828994349e-01
1.000152178071197717e+00
1.000172471356018056e+00
1.000192764640838172e+00
1.000213057925658289e+00
