8.427225117138922306e-01
8.611168114537907092e-01
8.795111111936892989e-01
8.979054109335878886e-01
9.162997106734865893e-01
9.346940104133851790e-01
9.530883101532835466e-01
9.714826098931820253e-01
9.898769096330807260e-01
1.008395702032488517e+00
1.023745225701055528e+00
1.039094749369622761e+00
1.054444273038189994e+00
1.069793796706757005e+00
1.085143320375324238e+00
1.100492844043891472e+00
1.115842367712458483e+00
1.131039711442973772e+00
1.144339961095274472e+00
1.157640210747574949e+00
1.170940460399875427e+00
1.184240710052175904e+00
1.197540959704476382e+00
1.210841209356776860e+00
1.224141459009077115e+00
1.236582271368342534e+00
1.248693931588159112e+00
1.260805591807975690e+00
1.272917252027792046e+00
1.285028912247608845e+00
1.297140572467424979e+00
1.309252232687241779e+00
1.320853311288590293e+00
1.332419089940389156e+00
1.343984868592187798e+00
1.355550647243986440e+00
1.367116425895785303e+00
1.378682204547584389e+00
1.390233634509480343e+00
1.401759597430976001e+00
1.413285560352471215e+00
1.424811523273966873e+00
1.436337486195462532e+00
1.447863449116957746e+00
1.459693871981784685e+00
1.471592277533072535e+00
1.483490683084360828e+00
1.495389088635648234e+00
1.507287494186936305e+00
1.519540698072271434e+00
1.532181570661010461e+00
1.544822443249750377e+00
1.557463315838489848e+00
1.570104188427229319e+00
1.583242045897718331e+00
1.596976715505818323e+00
1.610711385113918315e+00
1.624446054722018529e+00
1.638180724330118521e+00
1.652936480134190811e+00
1.668123185245368179e+00
1.683309890356545102e+00
1.698496595467722470e+00
1.714121821834489579e+00
1.731090730127915478e+00
1.748059638421340933e+00
1.765028546714766611e+00
1.782388545898945242e+00
1.801405214519320896e+00
1.820421883139696995e+00
1.839438551760072649e+00
1.859511249467509675e+00
1.880955484457875748e+00
1.902399719448242266e+00
1.923843954438608339e+00
1.947639433604413828e+00
1.971915781431416326e+00
1.996192129258418380e+00
2.021846960689851258e+00
2.049373330050897835e+00
2.076899699411944855e+00
2.105120695530100505e+00
2.136343792929955576e+00
2.167566890329811091e+00
2.199373492748412318e+00
2.234770248530560277e+00
2.270167004312707792e+00
2.306700053783381943e+00
2.346785835468920833e+00
2.386871617154458836e+00
2.429693218591008730e+00
2.475010382241867202e+00
2.520327545892725674e+00
2.571138654378866129e+00
2.622256117195888248e+00
2.676588587050469314e+00
2.734126259788483448e+00
2.793156681153621701e+00
2.858095483213816124e+00
2.923034285274009214e+00
2.994704608501351562e+00
3.067841040758617410e+00
3.147232380040080102e+00
3.229301534160469611e+00
3.317914234820096286e+00
3.409908861638290212e+00
3.508768821812858540e+00
3.611665965917987275e+00
3.723718166864534496e+00
3.836913657401860522e+00
3.407037970084352718e+00
3.315760766304425289e+00
3.224955444525287263e+00
3.141668295118206000e+00
3.060358492604543290e+00
2.985163190147580803e+00
2.911820574617812962e+00
2.844282280671496466e+00
2.777196372241680589e+00
2.716918703053975204e+00
2.656641033866269375e+00
2.600810794289954764e+00
2.546723711570471949e+00
2.496463769996838611e+00
2.447790616508634720e+00
2.401006923146311145e+00
2.357718161221627362e+00
2.314429399296943135e+00
2.274327480627472031e+00
2.235995837828927968e+00
2.197664195030383461e+00
2.163376801843687414e+00
2.129491349952839396e+00
2.095437899653878944e+00
2.065577371840540799e+00
2.035716844027203098e+00
2.005821584549480896e+00
1.979393596770002706e+00
1.952965608990524959e+00
1.926537621211046991e+00
1.902888424542421131e+00
1.879652516600220258e+00
1.856416608658018719e+00
1.834580518644791658e+00
1.814282616819017813e+00
1.793984714993244634e+00
1.773686813167471454e+00
1.755186612326447460e+00
1.737516612402981053e+00
1.719846612479514869e+00
1.702013462632435026e+00
1.686546206228137113e+00
1.671078949823839199e+00
1.655611693419541286e+00
1.640126489115755204e+00
1.626629653425093691e+00
1.613132817734432178e+00
1.599635982043770666e+00
1.586139146353109375e+00
1.573967571821679901e+00
1.562239915008494684e+00
1.550512258195309023e+00
1.538784601382124251e+00
1.527301005243348886e+00
1.517175217553866640e+00
1.507049429864383283e+00
1.496923642174901037e+00
1.486797854485417680e+00
1.476909056125239150e+00
1.468190518085827900e+00
1.459471980046416428e+00
1.450753442007004956e+00
1.442034903967593262e+00
1.433316365928181790e+00
1.425488476369228374e+00
1.418040609380281758e+00
1.410592742391335142e+00
1.403144875402388525e+00
1.395697008413441909e+00
1.388249141424495070e+00
1.381638047659885515e+00
1.375237249338010947e+00
1.368836451016136824e+00
1.362435652694262922e+00
1.356034854372388354e+00
1.349634056050514230e+00
1.343950296252491183e+00
1.338436725196115562e+00
1.332923154139739497e+00
1.327409583083363653e+00
1.321896012026987810e+00
1.316382440970611967e+00
1.310868869914236123e+00
1.306232040718358522e+00
1.301548800262026351e+00
1.296865559805694623e+00
1.292182319349362452e+00
1.287499078893030724e+00
1.282815838436698330e+00
1.278132597980366159e+00
1.273747116967121062e+00
1.269743884277723778e+00
1.265740651588326937e+00
1.261737418898929652e+00
1.257734186209532812e+00
1.253730953520135749e+00
1.249727720830738908e+00
1.245724488141341624e+00
1.242013194092641548e+00
1.238579199866154612e+00
1.235145205639667898e+00
1.231711211413180740e+00
1.228277217186694470e+00
1.224843222960207534e+00
1.221409228733720376e+00
1.217975234507233884e+00
1.214541240280747170e+00
1.211539144595812578e+00
1.208590663415209487e+00
1.205642182234606841e+00
1.202693701054003528e+00
1.199745219873400437e+00
1.196796738692797346e+00
1.193848257512194699e+00
1.190899776331591386e+00
1.187951295150988518e+00
1.185002813970385427e+00
1.182493998179830585e+00
1.179961352636652361e+00
1.177428707093474136e+00
1.174896061550296134e+00
1.172363416007117909e+00
1.169830770463939462e+00
1.167298124920761460e+00
1.164765479377583235e+00
1.162232833834405232e+00
1.159700188291227008e+00
1.157167542748048783e+00
1.155064263276494474e+00
1.152853850051863693e+00
1.150643436827233357e+00
1.148433023602602576e+00
1.146222610377971796e+00
1.144012197153341459e+00
1.141801783928710456e+00
1.139591370704079898e+00
1.137380957479449339e+00
1.135170544254818781e+00
1.132960131030188000e+00
1.130749717805557442e+00
1.128893807397073346e+00
1.126930843459627685e+00
1.124967879522182246e+00
1.123004915584736585e+00
1.121041951647290924e+00
1.119078987709845263e+00
1.117116023772399824e+00
1.115153059834954163e+00
1.113190095897508725e+00
1.111227131960063064e+00
1.109264168022617403e+00
1.107301204085172186e+00
1.105338240147726747e+00
1.103598917212092800e+00
1.101823171057116912e+00
1.100047424902141247e+00
1.098271678747165359e+00
1.096495932592189693e+00
1.094720186437214027e+00
1.092944440282238139e+00
1.091168694127262473e+00
1.089392947972286585e+00
1.087617201817310697e+00
1.085841455662335253e+00
1.084065709507359143e+00
1.082289963352383477e+00
1.080514217197407589e+00
1.078738471042431923e+00
1.076962724887456258e+00
1.075352913998426141e+00
1.073685458180402730e+00
1.072018002362378875e+00
1.070350546544355463e+00
1.068683090726331830e+00
1.067015634908308197e+00
1.065348179090284786e+00
1.063680723272261153e+00
1.062013267454237520e+00
1.060345811636214108e+00
1.058678355818190253e+00
1.057010900000166842e+00
1.055343444182143209e+00
1.053675988364119576e+00
1.052008532546095942e+00
1.050341076728072309e+00
1.048673620910048898e+00
1.047097255740457644e+00
1.045438002021788382e+00
1.043778748303119119e+00
1.042119494584449857e+00
1.040460240865780595e+00
1.038800987147110888e+00
1.037141733428441848e+00
1.035482479709772363e+00
1.033823225991103101e+00
1.032163972272433616e+00
1.030504718553764576e+00
1.028845464835095314e+00
1.027186211116425829e+00
1.025526957397756567e+00
1.023867703679087082e+00
1.022208449960417820e+00
1.020549196241748557e+00
1.018889942523079073e+00
1.017230688804409811e+00
1.015571435085740548e+00
1.013950089576842295e+00
1.012169964069749017e+00
1.010389838562655962e+00
1.008609713055563128e+00
1.006829587548470073e+00
1.005049462041376795e+00
1.003269336534283962e+00
1.001489211027190684e+00
9.997090855200979620e-01
9.979289600130045734e-01
9.961488345059117400e-01
9.943687089988186845e-01
9.925885834917256290e-01
9.908084579846323514e-01
9.890283324775395180e-01
9.872482069704465735e-01
9.854680814633534069e-01
9.836879559562602404e-01
9.819078304491674070e-01
9.801277049420742404e-01
9.783475794349811849e-01
9.765674539278881294e-01
9.747873284207950739e-01
9.731466556171486371e-01
9.710385331816310250e-01
9.689304107461135240e-01
9.668222883105960230e-01
9.647141658750783000e-01
9.626060434395607990e-01
9.604979210040434090e-01
9.583897985685257970e-01
9.562816761330079629e-01
9.541735536974904619e-01
9.520654312619730719e-01
9.499573088264554599e-01
9.478491863909379589e-01
9.457410639554203469e-01
9.436329415199027348e-01
9.415248190843852338e-01
9.394166966488676218e-01
9.373085742133500098e-01
9.352004517778325088e-01
9.330923293423148968e-01
9.309842069067971737e-01
9.288760844712797837e-01
9.267679620357621717e-01
9.246598396002445597e-01
9.225517171647269477e-01
9.204435947292095577e-01
9.183354722936920567e-01
9.162273498581743336e-01
9.134996202256029374e-01
9.107125701156327802e-01
9.079255200056626229e-01
9.051384698956922437e-01
9.023514197857219754e-01
8.995643696757518182e-01
8.967773195657816609e-01
8.939902694558112817e-01
8.912032193458407914e-01
8.884161692358707452e-01
8.856291191259004769e-01
8.828420690159302087e-01
8.800550189059599404e-01
8.772679687959897832e-01
8.744809186860194039e-01
8.716938685760491357e-01
8.689068184660788674e-01
8.661197683561089322e-01
8.633327182461386640e-01
8.605456681361680626e-01
8.577586180261981275e-01
8.549715679162278592e-01
8.521845178062575910e-01
8.493974676962871007e-01
8.466104175863170545e-01
8.438233674763468972e-01
8.410363173663765179e-01
8.382492672564062497e-01
8.354622171464360925e-01
8.326751670364659352e-01
8.298881169264955560e-01
8.271010668165252877e-01
8.243140167065551305e-01
