-3.918458528483059061e-02
-3.918458528483059061e-02
-3.918458528483059061e-02
-5.220081690438461985e-02
-5.220081690438461985e-02
-6.438611303662002128e-02
-6.438611303662002128e-02
-6.438611303662002128e-02
-3.208527820593146812e-02
-3.208527820593146812e-02
-8.609896219129503300e-03
-8.609896219129503300e-03
-8.609896219129503300e-03
2.506651661076585505e-02
2.506651661076585505e-02
6.465906529647479084e-02
6.465906529647479084e-02
1.059556779145337801e-01
1.059556779145337801e-01
1.059556779145337801e-01
1.462644442307813319e-01
1.462644442307813319e-01
1.859074906631528745e-01
1.859074906631528745e-01
1.859074906631528745e-01
2.262166751466296033e-01
2.262166751466296033e-01
2.632964334026143272e-01
2.632964334026143272e-01
2.632964334026143272e-01
2.980513488351608786e-01
2.980513488351608786e-01
3.323541428739540948e-01
3.323541428739540948e-01
3.659592831749919895e-01
3.659592831749919895e-01
3.659592831749919895e-01
3.974301935076409165e-01
3.974301935076409165e-01
4.259647088301101725e-01
4.259647088301101725e-01
4.259647088301101725e-01
4.519610940874905780e-01
4.519610940874905780e-01
4.790174240414502571e-01
4.790174240414502571e-01
5.030675891049852799e-01
5.030675891049852799e-01
5.030675891049852799e-01
5.255960130799133267e-01
5.255960130799133267e-01
5.472940032606722349e-01
5.472940032606722349e-01
5.472940032606722349e-01
5.680727689293736393e-01
5.680727689293736393e-01
5.873683668335484276e-01
5.873683668335484276e-01
5.873683668335484276e-01
6.054573748929432675e-01
6.054573748929432675e-01
6.229762221746666384e-01
6.229762221746666384e-01
6.386818845805419809e-01
6.386818845805419809e-01
6.386818845805419809e-01
6.537208816271442569e-01
6.537208816271442569e-01
6.682640944532048932e-01
6.682640944532048932e-01
6.682640944532048932e-01
6.817858247823135320e-01
6.817858247823135320e-01
6.949546775618448136e-01
6.949546775618448136e-01
7.070398073687422791e-01
7.070398073687422791e-01
7.070398073687422791e-01
7.180990981902057868e-01
7.180990981902057868e-01
7.291955208480023209e-01
7.291955208480023209e-01
7.291955208480023209e-01
7.397727506395509467e-01
7.397727506395509467e-01
7.499971550511307372e-01
7.499971550511307372e-01
7.499971550511307372e-01
7.593447073870133179e-01
7.593447073870133179e-01
7.685528755297634795e-01
7.685528755297634795e-01
7.772854906685736642e-01
7.772854906685736642e-01
7.772854906685736642e-01
7.855616943193474144e-01
7.855616943193474144e-01
7.932558326359566703e-01
7.932558326359566703e-01
7.932558326359566703e-01
8.003317326693831779e-01
8.003317326693831779e-01
8.076954733385433016e-01
8.076954733385433016e-01
8.146984100398634299e-01
8.146984100398634299e-01
8.146984100398634299e-01
8.212104979354831746e-01
8.212104979354831746e-01
8.276477035201402765e-01
8.276477035201402765e-01
8.276477035201402765e-01
8.336236794768390190e-01
8.336236794768390190e-01
8.395453026392140083e-01
8.395453026392140083e-01
8.395453026392140083e-01
8.451193222931459026e-01
8.451193222931459026e-01
8.505266979530214932e-01
8.505266979530214932e-01
8.557606423678657537e-01
8.557606423678657537e-01
8.557606423678657537e-01
8.606867572987905168e-01
8.606867572987905168e-01
8.655219114839973749e-01
8.655219114839973749e-01
8.655219114839973749e-01
8.701060149609698424e-01
8.701060149609698424e-01
8.744895135574206613e-01
8.744895135574206613e-01
8.787612017345914905e-01
8.787612017345914905e-01
8.787612017345914905e-01
8.830041495888797387e-01
8.830041495888797387e-01
8.871470573761268685e-01
8.871470573761268685e-01
8.871470573761268685e-01
8.910244091445859160e-01
8.910244091445859160e-01
8.947836362047454362e-01
8.947836362047454362e-01
8.947836362047454362e-01
8.982099504391697353e-01
8.982099504391697353e-01
9.017509604412352608e-01
9.017509604412352608e-01
9.050761093923753720e-01
9.050761093923753720e-01
9.050761093923753720e-01
9.083083839669062742e-01
9.083083839669062742e-01
9.115004029903224225e-01
9.115004029903224225e-01
9.115004029903224225e-01
9.146505476243528276e-01
9.146505476243528276e-01
9.175891864058516312e-01
9.175891864058516312e-01
9.175891864058516312e-01
9.205218344044053813e-01
9.205218344044053813e-01
9.232657006852289516e-01
9.232657006852289516e-01
9.260046236641902295e-01
9.260046236641902295e-01
9.260046236641902295e-01
9.286194323961751707e-01
9.286194323961751707e-01
9.311472316793936166e-01
9.311472316793936166e-01
9.311472316793936166e-01
9.336219399367180483e-01
9.336219399367180483e-01
9.360057661610806656e-01
9.360057661610806656e-01
9.382910709288775353e-01
9.382910709288775353e-01
9.382910709288775353e-01
9.405317077709361984e-01
9.405317077709361984e-01
9.426938580215101782e-01
9.426938580215101782e-01
9.426938580215101782e-01
9.447845066541727954e-01
9.447845066541727954e-01
9.467804799946273331e-01
9.467804799946273331e-01
9.467804799946273331e-01
9.487406478409489141e-01
9.487406478409489141e-01
9.506570921446710898e-01
9.506570921446710898e-01
9.525161853488545161e-01
9.525161853488545161e-01
9.525161853488545161e-01
9.543061640255885436e-01
9.543061640255885436e-01
9.560278051818256184e-01
9.560278051818256184e-01
9.560278051818256184e-01
9.576754455086818885e-01
9.576754455086818885e-01
9.592837147421298116e-01
9.592837147421298116e-01
9.608830092870362938e-01
9.608830092870362938e-01
9.608830092870362938e-01
9.623925358750436976e-01
9.623925358750436976e-01
9.638884898765693876e-01
9.638884898765693876e-01
9.638884898765693876e-01
9.652728054006729508e-01
9.652728054006729508e-01
9.666807365113739836e-01
9.666807365113739836e-01
9.666807365113739836e-01
9.679841659379703200e-01
9.679841659379703200e-01
9.692872184993712725e-01
9.692872184993712725e-01
9.705312872467944940e-01
9.705312872467944940e-01
9.705312872467944940e-01
9.717642691525738563e-01
9.717642691525738563e-01
9.729412988841829035e-01
9.729412988841829035e-01
9.729412988841829035e-01
9.739962294562174439e-01
9.739962294562174439e-01
9.750758646935637763e-01
9.750758646935637763e-01
9.761562068946582071e-01
9.761562068946582071e-01
9.761562068946582071e-01
9.771990425624498267e-01
9.771990425624498267e-01
9.781788651183531691e-01
9.781788651183531691e-01
9.781788651183531691e-01
9.791336276330689925e-01
9.791336276330689925e-01
9.800511932032536233e-01
9.800511932032536233e-01
9.800511932032536233e-01
9.809366402679222663e-01
9.809366402679222663e-01
9.817764461129199205e-01
9.817764461129199205e-01
9.825856172542424272e-01
9.825856172542424272e-01
9.825856172542424272e-01
9.833580112840089038e-01
9.833580112840089038e-01
9.841270856311645776e-01
9.841270856311645776e-01
9.841270856311645776e-01
9.848638587395703858e-01
9.848638587395703858e-01
9.855667900063820319e-01
9.855667900063820319e-01
9.855667900063820319e-01
9.862367840816872455e-01
9.862367840816872455e-01
9.868729098957945700e-01
9.868729098957945700e-01
9.875082589081194406e-01
9.875082589081194406e-01
9.875082589081194406e-01
9.881188233363370488e-01
9.881188233363370488e-01
9.887150512423923399e-01
9.887150512423923399e-01
9.887150512423923399e-01
9.892768827254043718e-01
9.892768827254043718e-01
9.898264338722038147e-01
9.898264338722038147e-01
9.903527912439922254e-01
9.903527912439922254e-01
9.903527912439922254e-01
9.908134810753079780e-01
9.908134810753079780e-01
9.912847965948994311e-01
9.912847965948994311e-01
9.912847965948994311e-01
9.917585047989928571e-01
9.917585047989928571e-01
9.922133168190689911e-01
9.922133168190689911e-01
9.922133168190689911e-01
9.926350470076635846e-01
9.926350470076635846e-01
9.930449431542496264e-01
9.930449431542496264e-01
9.934245944035123843e-01
9.934245944035123843e-01
9.934245944035123843e-01
9.938100271819612086e-01
9.938100271819612086e-01
9.941425317055451183e-01
9.941425317055451183e-01
9.941425317055451183e-01
9.944741648611826745e-01
9.944741648611826745e-01
9.948108092889466070e-01
9.948108092889466070e-01
9.951308678698232990e-01
9.951308678698232990e-01
9.951308678698232990e-01
9.954294310263316348e-01
9.954294310263316348e-01
9.957139657922574605e-01
9.957139657922574605e-01
9.957139657922574605e-01
9.959857855532427973e-01
9.959857855532427973e-01
9.962553097811668312e-01
9.962553097811668312e-01
9.962553097811668312e-01
9.965152603457094749e-01
9.965152603457094749e-01
9.966925578638591299e-01
9.966925578638591299e-01
9.969430430379578878e-01
9.969430430379578878e-01
9.969430430379578878e-01
9.971733722429850788e-01
9.971733722429850788e-01
9.973887486641233036e-01
9.973887486641233036e-01
9.973887486641233036e-01
9.975855416190078095e-01
9.975855416190078095e-01
9.977771604353025126e-01
9.977771604353025126e-01
9.979483833797823111e-01
9.979483833797823111e-01
9.979483833797823111e-01
9.981061088571741013e-01
9.981061088571741013e-01
9.982749254627081292e-01
9.982749254627081292e-01
9.982749254627081292e-01
9.984323247296130743e-01
9.984323247296130743e-01
9.985779063238884312e-01
9.985779063238884312e-01
9.985779063238884312e-01
9.987148939169959716e-01
9.987148939169959716e-01
9.988448128493004896e-01
9.988448128493004896e-01
9.989742679803916836e-01
9.989742679803916836e-01
9.989742679803916836e-01
9.990903516114284511e-01
9.990903516114284511e-01
9.991754922073780021e-01
9.991754922073780021e-01
9.991754922073780021e-01
9.992844240600952110e-01
9.992844240600952110e-01
9.993861693535541768e-01
9.993861693535541768e-01
9.994784501638567242e-01
9.994784501638567242e-01
9.994784501638567242e-01
9.995605877966988739e-01
9.995605877966988739e-01
9.996390715351296530e-01
9.996390715351296530e-01
9.996390715351296530e-01
9.997044594447508370e-01
9.997044594447508370e-01
9.997615807615862771e-01
9.997615807615862771e-01
9.997615807615862771e-01
9.998195511655416645e-01
9.998195511655416645e-01
9.998692129487053437e-01
9.998692129487053437e-01
9.999112617180683227e-01
9.999112617180683227e-01
9.999112617180683227e-01
9.999448520233091831e-01
9.999448520233091831e-01
9.999703935865525972e-01
9.999703935865525972e-01
9.999703935865525972e-01
9.999880453013261228e-01
9.999880453013261228e-01
9.999980286015841546e-01
9.999980286015841546e-01
9.999980286015841546e-01
