8.820623192175590654e-01
8.820623192175590654e-01
8.820623192175590654e-01
9.283268315071097065e-01
9.283268315071097065e-01
9.283268315071097065e-01
9.779384717141785810e-01
9.779384717141785810e-01
9.779384717141785810e-01
1.022988442685218491e+00
1.022988442685218491e+00
1.022988442685218491e+00
1.063842977546693325e+00
1.063842977546693325e+00
1.104638654832708289e+00
1.104638654832708289e+00
1.104638654832708289e+00
1.139826442872058143e+00
1.139826442872058143e+00
1.172432490224551760e+00
1.172432490224551760e+00
1.172432490224551760e+00
1.204232174442427583e+00
1.204232174442427583e+00
1.233270768459452826e+00
1.233270768459452826e+00
1.261139069827798886e+00
1.261139069827798886e+00
1.261139069827798886e+00
1.287180115154927806e+00
1.287180115154927806e+00
1.313155672253149886e+00
1.313155672253149886e+00
1.337864812717057372e+00
1.337864812717057372e+00
1.358921324552663679e+00
1.358921324552663679e+00
1.381664057871189177e+00
1.381664057871189177e+00
1.404723068301987343e+00
1.404723068301987343e+00
1.425517001367407888e+00
1.447052863565845504e+00
1.447052863565845504e+00
1.468121118509791545e+00
1.468121118509791545e+00
1.488680121689292202e+00
1.488680121689292202e+00
1.508937929269958955e+00
1.530272763512988909e+00
1.530272763512988909e+00
1.549560062335821442e+00
1.549560062335821442e+00
1.569901147393507834e+00
1.590880813854381737e+00
1.590880813854381737e+00
1.611350019971271363e+00
1.632139795835980900e+00
1.632139795835980900e+00
1.653002989137217771e+00
1.674104149110138939e+00
1.674104149110138939e+00
1.695588616460594666e+00
1.715847783127001147e+00
1.737877411599167976e+00
1.737877411599167976e+00
1.760741131164914819e+00
1.783930651005247947e+00
1.807845463589559776e+00
1.831567712824309968e+00
1.831567712824309968e+00
1.855398418612667966e+00
1.879068358957142193e+00
1.906096734011643701e+00
1.933656811191035274e+00
1.958203762589264318e+00
1.984261956894026735e+00
1.984261956894026735e+00
2.009937926160090704e+00
2.037884443900633613e+00
2.065736266563451995e+00
2.094421434527187653e+00
2.125698158247433689e+00
2.155453458809229783e+00
2.183464764822783621e+00
2.218572438239576172e+00
2.285753072871443248e+00
2.316112308203653214e+00
2.350391830938407089e+00
2.389046913790029425e+00
2.426893262276109908e+00
2.464137807287363202e+00
2.502393609451862400e+00
2.580618178156038223e+00
2.620378481417484640e+00
2.666315139344336060e+00
2.751824661174087527e+00
2.796645733308783299e+00
2.842115699330183265e+00
2.941427638326581384e+00
2.988955165009043569e+00
3.093729604910687936e+00
3.142208172516037124e+00
3.250480231719270030e+00
3.305142635493174996e+00
3.413987535125967199e+00
3.482747748651283004e+00
3.617533717481556277e+00
3.730035467801196880e+00
3.787511379965819991e+00
3.368458643740064318e+00
3.330122932006883918e+00
3.223897739451411670e+00
3.118765897471446280e+00
3.068596191043178045e+00
2.975113255004762092e+00
2.931987322923002903e+00
2.845264155644730231e+00
2.795716017311338675e+00
2.711183298651004048e+00
2.669393800421442808e+00
2.588868531894082281e+00
2.550808827890468589e+00
2.512481860361320152e+00
2.439292864096955782e+00
2.401171917887551022e+00
2.363983139385264387e+00
2.298954047559893521e+00
2.266096497612712923e+00
2.234484003832332366e+00
2.202324398315680831e+00
2.171037506300705910e+00
2.140325812556384211e+00
2.081211723634937449e+00
2.052687840193086366e+00
2.024943957656848426e+00
1.997621944226283253e+00
1.970671180241937659e+00
1.944497336884247529e+00
1.918777979725178717e+00
1.893765804020068000e+00
1.870289035181929238e+00
1.847314611611377666e+00
1.847314611611377666e+00
1.822692485606028034e+00
1.796594619900521161e+00
1.775146445590098487e+00
1.754450529695101846e+00
1.734048116457269639e+00
1.712376009560536261e+00
1.712376009560536261e+00
1.692327244722831248e+00
1.672359386377140877e+00
1.652796090739281798e+00
1.633707341258900270e+00
1.633707341258900270e+00
1.615188226983202746e+00
1.597100391880111436e+00
1.579060221597833324e+00
1.579060221597833324e+00
1.561745851238169669e+00
1.545045927090085147e+00
1.545045927090085147e+00
1.527940107853898777e+00
1.510679864689403296e+00
1.510679864689403296e+00
1.496520050461058515e+00
1.482943640736161361e+00
1.482943640736161361e+00
1.468317703625775739e+00
1.468317703625775739e+00
1.452110319228440583e+00
1.437538514733151196e+00
1.437538514733151196e+00
1.423214925162296973e+00
1.423214925162296973e+00
1.409576936673946568e+00
1.409576936673946568e+00
1.396109940077485234e+00
1.382958240767952152e+00
1.382958240767952152e+00
1.370319045396539259e+00
1.370319045396539259e+00
1.358206803582364453e+00
1.358206803582364453e+00
1.345166345900369320e+00
1.345166345900369320e+00
1.333139264722536854e+00
1.333139264722536854e+00
1.321653609012835018e+00
1.321653609012835018e+00
1.321653609012835018e+00
1.309966491878341355e+00
1.309966491878341355e+00
1.299238738943576443e+00
1.299238738943576443e+00
1.288936557196410426e+00
1.288936557196410426e+00
1.277893591135588647e+00
1.277893591135588647e+00
1.277893591135588647e+00
1.267179713714900124e+00
1.267179713714900124e+00
1.257511901406554555e+00
1.257511901406554555e+00
1.257511901406554555e+00
1.247772717241065754e+00
1.247772717241065754e+00
1.237592892900967190e+00
1.237592892900967190e+00
1.237592892900967190e+00
1.228927470005813483e+00
1.228927470005813483e+00
1.228927470005813483e+00
1.219182957593136107e+00
1.219182957593136107e+00
1.219182957593136107e+00
1.209488369438926236e+00
1.209488369438926236e+00
1.209488369438926236e+00
1.200494037720065021e+00
1.200494037720065021e+00
1.200494037720065021e+00
1.191903616010369316e+00
1.191903616010369316e+00
1.191903616010369316e+00
1.182804244102125368e+00
1.182804244102125368e+00
1.182804244102125368e+00
1.174213966660728747e+00
1.174213966660728747e+00
1.174213966660728747e+00
1.174213966660728747e+00
1.165422858333702738e+00
1.165422858333702738e+00
1.165422858333702738e+00
1.157066022562978747e+00
1.157066022562978747e+00
1.157066022562978747e+00
1.157066022562978747e+00
1.148852705731430168e+00
1.148852705731430168e+00
1.148852705731430168e+00
1.140638833732710689e+00
1.140638833732710689e+00
1.140638833732710689e+00
1.140638833732710689e+00
1.131837620789721388e+00
1.131837620789721388e+00
1.131837620789721388e+00
1.131837620789721388e+00
1.124021510464418672e+00
1.124021510464418672e+00
1.124021510464418672e+00
1.124021510464418672e+00
1.115968115215612011e+00
1.115968115215612011e+00
1.115968115215612011e+00
1.115968115215612011e+00
1.115968115215612011e+00
1.107275956232963487e+00
1.107275956232963487e+00
1.107275956232963487e+00
1.107275956232963487e+00
1.098855710593110935e+00
1.098855710593110935e+00
1.098855710593110935e+00
1.098855710593110935e+00
1.098855710593110935e+00
1.090685922916605044e+00
1.090685922916605044e+00
1.090685922916605044e+00
1.090685922916605044e+00
1.082033626842928031e+00
1.082033626842928031e+00
1.082033626842928031e+00
1.082033626842928031e+00
1.082033626842928031e+00
1.073115251231526290e+00
1.073115251231526290e+00
1.073115251231526290e+00
1.073115251231526290e+00
1.073115251231526290e+00
1.073115251231526290e+00
1.064489501944780425e+00
1.064489501944780425e+00
1.064489501944780425e+00
1.064489501944780425e+00
1.064489501944780425e+00
1.054925494015670928e+00
1.054925494015670928e+00
1.054925494015670928e+00
1.054925494015670928e+00
1.054925494015670928e+00
1.054925494015670928e+00
1.045296673390746278e+00
1.045296673390746278e+00
1.045296673390746278e+00
1.045296673390746278e+00
1.045296673390746278e+00
1.045296673390746278e+00
1.035899748844567148e+00
1.035899748844567148e+00
1.035899748844567148e+00
1.035899748844567148e+00
1.035899748844567148e+00
1.035899748844567148e+00
1.024926105528998432e+00
1.024926105528998432e+00
1.024926105528998432e+00
1.024926105528998432e+00
1.024926105528998432e+00
1.024926105528998432e+00
1.014110699899992474e+00
1.014110699899992474e+00
1.014110699899992474e+00
1.014110699899992474e+00
1.014110699899992474e+00
1.014110699899992474e+00
1.014110699899992474e+00
1.002448409980941868e+00
1.002448409980941868e+00
1.002448409980941868e+00
1.002448409980941868e+00
1.002448409980941868e+00
1.002448409980941868e+00
1.002448409980941868e+00
9.886729512402452347e-01
9.886729512402452347e-01
9.886729512402452347e-01
9.886729512402452347e-01
9.886729512402452347e-01
9.886729512402452347e-01
9.886729512402452347e-01
9.886729512402452347e-01
9.751250967554921933e-01
9.751250967554921933e-01
9.751250967554921933e-01
9.751250967554921933e-01
9.751250967554921933e-01
9.751250967554921933e-01
9.751250967554921933e-01
9.751250967554921933e-01
9.604844604309406009e-01
9.604844604309406009e-01
9.604844604309406009e-01
9.604844604309406009e-01
9.604844604309406009e-01
9.604844604309406009e-01
9.604844604309406009e-01
9.604844604309406009e-01
9.414911430112646862e-01
9.414911430112646862e-01
9.414911430112646862e-01
9.414911430112646862e-01
9.414911430112646862e-01
9.414911430112646862e-01
9.414911430112646862e-01
9.414911430112646862e-01
9.214823667882576785e-01
9.214823667882576785e-01
9.214823667882576785e-01
9.214823667882576785e-01
9.214823667882576785e-01
9.214823667882576785e-01
9.214823667882576785e-01
9.214823667882576785e-01
9.214823667882576785e-01
9.214823667882576785e-01
8.978180279652974161e-01
8.978180279652974161e-01
8.978180279652974161e-01
8.978180279652974161e-01
8.978180279652974161e-01
8.978180279652974161e-01
8.978180279652974161e-01
8.978180279652974161e-01
8.978180279652974161e-01
8.718271885341024596e-01
8.718271885341024596e-01
8.718271885341024596e-01
8.718271885341024596e-01
8.718271885341024596e-01
8.718271885341024596e-01
8.718271885341024596e-01
8.718271885341024596e-01
8.718271885341024596e-01
8.718271885341024596e-01
8.718271885341024596e-01
8.466175460629478122e-01
8.466175460629478122e-01
8.466175460629478122e-01
8.466175460629478122e-01
8.466175460629478122e-01
8.466175460629478122e-01
8.466175460629478122e-01
8.466175460629478122e-01
8.466175460629478122e-01
8.466175460629478122e-01
8.466175460629478122e-01
