-1.431620042014358773e-03
-2.175409820446565223e-02
-4.262081078444671101e-02
-5.761297056059742905e-02
-6.353130182683087990e-02
-6.570610113931173168e-02
-6.379602638588376118e-02
-6.137438399900165681e-02
-5.491518217581040084e-02
-4.359746499968672473e-02
-2.722373628366717493e-02
-1.728178273369350426e-02
-1.028092054501434337e-02
1.590124788916464846e-02
2.943975668589692354e-02
3.702149231902922277e-02
6.074202658513267600e-02
7.851763735853009574e-02
1.003097093114801858e-01
1.161085845517557114e-01
1.214653340631146605e-01
1.502411630058198833e-01
1.691246789273109508e-01
1.867839326160511682e-01
1.978802487358936879e-01
2.101221682225656306e-01
2.212334297325013188e-01
2.422440514198535566e-01
2.540889320761110515e-01
2.822687104315686479e-01
2.935745626826041232e-01
3.152190151660380080e-01
3.154774450943493291e-01
3.277487397628788268e-01
3.382393037444576533e-01
3.721457599065431943e-01
3.733064770076170436e-01
3.947844158896277600e-01
3.956869187955947553e-01
4.078385450492237885e-01
4.181853058269849321e-01
4.301927879763971507e-01
4.518901462844962524e-01
4.528346626558396593e-01
4.651728637834473545e-01
4.754535438592273899e-01
4.875847790787791736e-01
5.063677773731591891e-01
5.098993901709173437e-01
5.228779402882404170e-01
5.400509724696966884e-01
5.454646158134511813e-01
5.493855163283479781e-01
5.682320192468925946e-01
5.805639080753581815e-01
5.704293324373566065e-01
5.920138489416839622e-01
5.936110602516834200e-01
6.128173500333431445e-01
6.058148481467442448e-01
6.243773121226421363e-01
6.268065360194112756e-01
6.268065360194112756e-01
6.376507209829952449e-01
6.567168018978365440e-01
6.567168018978365440e-01
6.592573998752461195e-01
6.782212194654363424e-01
6.702601055893246951e-01
6.892734740555038764e-01
6.892734740555038764e-01
6.905824977483941973e-01
6.905824977483941973e-01
6.999431028136646749e-01
7.165207766285489610e-01
7.165207766285489610e-01
7.307556565438060314e-01
7.226059232624907347e-01
7.388394126114528060e-01
7.325662344826636696e-01
7.503138728667664292e-01
7.503138728667664292e-01
7.614065517481599654e-01
7.614065517481599654e-01
7.522717499590132473e-01
7.632556921278395023e-01
7.632556921278395023e-01
7.833049184455016523e-01
7.833049184455016523e-01
7.833049184455016523e-01
7.830703176649618236e-01
7.830703176649618236e-01
8.033148306187503085e-01
8.033148306187503085e-01
7.936594892673700663e-01
8.030358764201770416e-01
8.030358764201770416e-01
8.214580685961345718e-01
8.214580685961345718e-01
8.122357991913278230e-01
8.289861066965797942e-01
8.220081041261033672e-01
8.390774582134431503e-01
8.310512986568011629e-01
8.310512986568011629e-01
8.466084392311427065e-01
8.466084392311427065e-01
8.413591070458157350e-01
8.559781372327861515e-01
8.473491458174408075e-01
8.473491458174408075e-01
8.596813283932982497e-01
8.596813283932982497e-01
8.567577852449889120e-01
8.723992808813203492e-01
8.723992808813203492e-01
8.723992808813203492e-01
8.646368324371623837e-01
8.827603834912933767e-01
8.731758741000590351e-01
8.731758741000590351e-01
8.731758741000590351e-01
8.901909677029434809e-01
8.901909677029434809e-01
8.901909677029434809e-01
8.815770368512992894e-01
8.908662883878721850e-01
8.908662883878721850e-01
8.908662883878721850e-01
8.908662883878721850e-01
9.060061952405720209e-01
9.060061952405720209e-01
8.976141147220325633e-01
8.976141147220325633e-01
9.123764473451092538e-01
9.123764473451092538e-01
9.067353113211763516e-01
9.067353113211763516e-01
9.216973109010431209e-01
9.131253404386466821e-01
9.131253404386466821e-01
9.131253404386466821e-01
9.271459932004418869e-01
9.271459932004418869e-01
9.271459932004418869e-01
9.271459932004418869e-01
9.271459932004418869e-01
9.277044862620158483e-01
9.277044862620158483e-01
9.277044862620158483e-01
9.277044862620158483e-01
9.277044862620158483e-01
9.406785619911871565e-01
9.406785619911871565e-01
9.406785619911871565e-01
9.333748695734428447e-01
9.333748695734428447e-01
9.450239205789957575e-01
9.450239205789957575e-01
9.450239205789957575e-01
9.450239205789957575e-01
9.413340065034112580e-01
9.518562047727016084e-01
9.455050404513408724e-01
9.455050404513408724e-01
9.455050404513408724e-01
9.455050404513408724e-01
9.549217514066609125e-01
9.549217514066609125e-01
9.549217514066609125e-01
9.549217514066609125e-01
9.509942251607059749e-01
9.509942251607059749e-01
9.607390613811992441e-01
9.607390613811992441e-01
9.607390613811992441e-01
9.573282103639391138e-01
9.573282103639391138e-01
9.573282103639391138e-01
9.573282103639391138e-01
9.682342665456964426e-01
9.682342665456964426e-01
9.682342665456964426e-01
9.682342665456964426e-01
9.610582372035986198e-01
9.610582372035986198e-01
9.702103861146332831e-01
9.702103861146332831e-01
9.702103861146332831e-01
9.702103861146332831e-01
9.670670908782186270e-01
9.670670908782186270e-01
9.670670908782186270e-01
9.772255322482623630e-01
9.772255322482623630e-01
9.772255322482623630e-01
9.711063647235590457e-01
9.711063647235590457e-01
9.711063647235590457e-01
9.711063647235590457e-01
9.711063647235590457e-01
9.796516021747110337e-01
9.796516021747110337e-01
9.796516021747110337e-01
9.796516021747110337e-01
9.796516021747110337e-01
9.796516021747110337e-01
9.796516021747110337e-01
9.796516021747110337e-01
9.787272058969861410e-01
9.787272058969861410e-01
9.787272058969861410e-01
9.787272058969861410e-01
9.787272058969861410e-01
9.787272058969861410e-01
9.787272058969861410e-01
9.858063730167043737e-01
9.858063730167043737e-01
9.858063730167043737e-01
9.858063730167043737e-01
9.816799344622909596e-01
9.816799344622909596e-01
9.816799344622909596e-01
9.816799344622909596e-01
9.816799344622909596e-01
9.891964039303132727e-01
9.891964039303132727e-01
9.891964039303132727e-01
9.891964039303132727e-01
9.891964039303132727e-01
9.891964039303132727e-01
9.891964039303132727e-01
9.891964039303132727e-01
9.891964039303132727e-01
9.891964039303132727e-01
9.838178409150447612e-01
9.904630363064835796e-01
9.904630363064835796e-01
9.888139093447175787e-01
9.888139093447175787e-01
9.888139093447175787e-01
9.888139093447175787e-01
9.888139093447175787e-01
9.888139093447175787e-01
9.888139093447175787e-01
9.888139093447175787e-01
9.888139093447175787e-01
9.936567020813433793e-01
9.936567020813433793e-01
9.936567020813433793e-01
9.936567020813433793e-01
9.936567020813433793e-01
9.936567020813433793e-01
9.936567020813433793e-01
9.900830131372602150e-01
9.900830131372602150e-01
9.900830131372602150e-01
9.944783166562686239e-01
9.944783166562686239e-01
9.944783166562686239e-01
9.944783166562686239e-01
9.944783166562686239e-01
9.944783166562686239e-01
9.944783166562686239e-01
9.944783166562686239e-01
9.944783166562686239e-01
9.923976541538775953e-01
9.923976541538775953e-01
9.923976541538775953e-01
9.923976541538775953e-01
9.966592209745811504e-01
9.966592209745811504e-01
9.966592209745811504e-01
9.966592209745811504e-01
9.966592209745811504e-01
9.966592209745811504e-01
9.966592209745811504e-01
9.966592209745811504e-01
9.966592209745811504e-01
9.953160460445462654e-01
9.953160460445462654e-01
9.953160460445462654e-01
9.953160460445462654e-01
9.953160460445462654e-01
9.983762520190296863e-01
9.983762520190296863e-01
9.983762520190296863e-01
9.961140630739632185e-01
9.961140630739632185e-01
9.961140630739632185e-01
9.961140630739632185e-01
9.961140630739632185e-01
9.961140630739632185e-01
9.961140630739632185e-01
9.961140630739632185e-01
9.961140630739632185e-01
9.961140630739632185e-01
9.983395857245578320e-01
9.983395857245578320e-01
9.983395857245578320e-01
9.983395857245578320e-01
9.983395857245578320e-01
9.983395857245578320e-01
9.983395857245578320e-01
9.983395857245578320e-01
9.983395857245578320e-01
9.983395857245578320e-01
9.983395857245578320e-01
9.983264215928258078e-01
9.983264215928258078e-01
9.983264215928258078e-01
9.983264215928258078e-01
9.996769060732341172e-01
9.996769060732341172e-01
9.996769060732341172e-01
9.996769060732341172e-01
9.983068810572938157e-01
9.983068810572938157e-01
9.983068810572938157e-01
9.983068810572938157e-01
9.983068810572938157e-01
9.983068810572938157e-01
9.983068810572938157e-01
9.983068810572938157e-01
9.983068810572938157e-01
9.983068810572938157e-01
9.983068810572938157e-01
9.983068810572938157e-01
9.983068810572938157e-01
9.996682108196000005e-01
9.996682108196000005e-01
9.996682108196000005e-01
9.996682108196000005e-01
9.996682108196000005e-01
9.996682108196000005e-01
9.996682108196000005e-01
9.996682108196000005e-01
9.996682108196000005e-01
9.996682108196000005e-01
9.996682108196000005e-01
9.996682108196000005e-01
9.996682108196000005e-01
9.988582979664542005e-01
9.988582979664542005e-01
9.988582979664542005e-01
9.998379715814494917e-01
9.998379715814494917e-01
9.998379715814494917e-01
9.998379715814494917e-01
9.998379715814494917e-01
9.998379715814494917e-01
9.998379715814494917e-01
9.998379715814494917e-01
9.998379715814494917e-01
9.998379715814494917e-01
9.998379715814494917e-01
9.998379715814494917e-01
9.998379715814494917e-01
9.997723117988013275e-01
9.997723117988013275e-01
9.997723117988013275e-01
9.997723117988013275e-01
9.997723117988013275e-01
9.997723117988013275e-01
9.997723117988013275e-01
9.997723117988013275e-01
9.997723117988013275e-01
9.997723117988013275e-01
9.997723117988013275e-01
9.997723117988013275e-01
9.997723117988013275e-01
9.997723117988013275e-01
9.997723117988013275e-01
9.997723117988013275e-01
1.000156160007554806e+00
1.000156160007554806e+00
1.000156160007554806e+00
1.000156160007554806e+00
1.000148104502851742e+00
1.000148104502851742e+00
1.000148104502851742e+00
9.999395055507742658e-01
9.999395055507742658e-01
9.999395055507742658e-01
9.999395055507742658e-01
9.999395055507742658e-01
9.999395055507742658e-01
9.999395055507742658e-01
9.999395055507742658e-01
9.999395055507742658e-01
9.999395055507742658e-01
9.999395055507742658e-01
9.999395055507742658e-01
9.999395055507742658e-01
9.999395055507742658e-01
9.999395055507742658e-01
9.999395055507742658e-01
9.999395055507742658e-01
9.999395055507742658e-01
9.999395055507742658e-01
