-1.820838641523656043e-02
-1.820838641523656043e-02
-1.820838641523656043e-02
-3.632030745836295482e-02
-3.632030745836295482e-02
-4.892246499358208350e-02
-4.892246499358208350e-02
-4.892246499358208350e-02
-2.703437614192737148e-02
-2.703437614192737148e-02
-2.703437614192737148e-02
1.304857005511483176e-02
1.304857005511483176e-02
1.304857005511483176e-02
6.510741357173142896e-02
6.510741357173142896e-02
6.510741357173142896e-02
6.510741357173142896e-02
1.278226750877062001e-01
1.278226750877062001e-01
1.278226750877062001e-01
1.278226750877062001e-01
2.055495814731996274e-01
2.055495814731996274e-01
2.055495814731996274e-01
2.055495814731996274e-01
2.055495814731996274e-01
2.904826343494977814e-01
2.904826343494977814e-01
2.904826343494977814e-01
2.904826343494977814e-01
2.904826343494977814e-01
3.759958230106585919e-01
3.759958230106585919e-01
3.759958230106585919e-01
3.759958230106585919e-01
3.759958230106585919e-01
3.759958230106585919e-01
3.759958230106585919e-01
4.613712915309875484e-01
4.613712915309875484e-01
4.613712915309875484e-01
4.613712915309875484e-01
4.613712915309875484e-01
4.613712915309875484e-01
4.613712915309875484e-01
4.613712915309875484e-01
5.490996354446789907e-01
5.490996354446789907e-01
5.490996354446789907e-01
5.490996354446789907e-01
5.490996354446789907e-01
5.490996354446789907e-01
5.490996354446789907e-01
5.490996354446789907e-01
5.490996354446789907e-01
6.273785986308909601e-01
6.273785986308909601e-01
6.273785986308909601e-01
6.273785986308909601e-01
6.273785986308909601e-01
6.273785986308909601e-01
6.273785986308909601e-01
6.273785986308909601e-01
6.273785986308909601e-01
6.273785986308909601e-01
6.273785986308909601e-01
6.273785986308909601e-01
7.045854163585772989e-01
7.045854163585772989e-01
7.045854163585772989e-01
7.045854163585772989e-01
7.045854163585772989e-01
7.045854163585772989e-01
7.045854163585772989e-01
7.045854163585772989e-01
7.045854163585772989e-01
7.045854163585772989e-01
7.045854163585772989e-01
7.045854163585772989e-01
7.045854163585772989e-01
7.045854163585772989e-01
7.045854163585772989e-01
7.777326365916236162e-01
7.777326365916236162e-01
7.777326365916236162e-01
7.777326365916236162e-01
7.777326365916236162e-01
7.777326365916236162e-01
7.777326365916236162e-01
7.777326365916236162e-01
7.777326365916236162e-01
7.777326365916236162e-01
7.777326365916236162e-01
7.777326365916236162e-01
7.777326365916236162e-01
7.777326365916236162e-01
7.777326365916236162e-01
7.777326365916236162e-01
7.777326365916236162e-01
7.777326365916236162e-01
7.777326365916236162e-01
7.777326365916236162e-01
8.439563375806656831e-01
8.439563375806656831e-01
8.439563375806656831e-01
8.439563375806656831e-01
8.439563375806656831e-01
8.439563375806656831e-01
8.439563375806656831e-01
8.439563375806656831e-01
8.439563375806656831e-01
8.439563375806656831e-01
8.439563375806656831e-01
8.439563375806656831e-01
8.439563375806656831e-01
8.439563375806656831e-01
8.439563375806656831e-01
8.439563375806656831e-01
8.439563375806656831e-01
8.439563375806656831e-01
8.439563375806656831e-01
8.439563375806656831e-01
8.439563375806656831e-01
8.439563375806656831e-01
8.439563375806656831e-01
8.439563375806656831e-01
8.439563375806656831e-01
8.439563375806656831e-01
8.439563375806656831e-01
8.439563375806656831e-01
9.028465740413045282e-01
9.028465740413045282e-01
9.028465740413045282e-01
9.028465740413045282e-01
9.028465740413045282e-01
9.028465740413045282e-01
9.028465740413045282e-01
9.028465740413045282e-01
9.028465740413045282e-01
9.028465740413045282e-01
9.028465740413045282e-01
9.028465740413045282e-01
9.028465740413045282e-01
9.028465740413045282e-01
9.028465740413045282e-01
9.028465740413045282e-01
9.028465740413045282e-01
9.028465740413045282e-01
9.028465740413045282e-01
9.028465740413045282e-01
9.028465740413045282e-01
9.028465740413045282e-01
9.028465740413045282e-01
9.028465740413045282e-01
9.028465740413045282e-01
9.028465740413045282e-01
9.028465740413045282e-01
9.028465740413045282e-01
9.028465740413045282e-01
9.028465740413045282e-01
9.028465740413045282e-01
9.028465740413045282e-01
9.028465740413045282e-01
9.028465740413045282e-01
9.028465740413045282e-01
9.028465740413045282e-01
9.028465740413045282e-01
9.028465740413045282e-01
9.484279793667124148e-01
9.484279793667124148e-01
9.484279793667124148e-01
9.484279793667124148e-01
9.484279793667124148e-01
9.484279793667124148e-01
9.484279793667124148e-01
9.484279793667124148e-01
9.484279793667124148e-01
9.484279793667124148e-01
9.484279793667124148e-01
9.484279793667124148e-01
9.484279793667124148e-01
9.484279793667124148e-01
9.484279793667124148e-01
9.484279793667124148e-01
9.484279793667124148e-01
9.484279793667124148e-01
9.484279793667124148e-01
9.484279793667124148e-01
9.484279793667124148e-01
9.484279793667124148e-01
9.484279793667124148e-01
9.484279793667124148e-01
9.484279793667124148e-01
9.484279793667124148e-01
9.484279793667124148e-01
9.484279793667124148e-01
9.484279793667124148e-01
9.484279793667124148e-01
9.484279793667124148e-01
9.484279793667124148e-01
9.484279793667124148e-01
9.484279793667124148e-01
9.484279793667124148e-01
9.484279793667124148e-01
9.484279793667124148e-01
9.484279793667124148e-01
9.484279793667124148e-01
9.484279793667124148e-01
9.484279793667124148e-01
9.484279793667124148e-01
9.484279793667124148e-01
9.484279793667124148e-01
9.484279793667124148e-01
9.484279793667124148e-01
9.760070046914172126e-01
9.760070046914172126e-01
9.760070046914172126e-01
9.760070046914172126e-01
9.760070046914172126e-01
9.760070046914172126e-01
9.760070046914172126e-01
9.760070046914172126e-01
9.760070046914172126e-01
9.760070046914172126e-01
9.760070046914172126e-01
9.760070046914172126e-01
9.760070046914172126e-01
9.760070046914172126e-01
9.760070046914172126e-01
9.760070046914172126e-01
9.760070046914172126e-01
9.760070046914172126e-01
9.760070046914172126e-01
9.760070046914172126e-01
9.760070046914172126e-01
9.760070046914172126e-01
9.760070046914172126e-01
9.760070046914172126e-01
9.760070046914172126e-01
9.760070046914172126e-01
9.760070046914172126e-01
9.760070046914172126e-01
9.760070046914172126e-01
9.760070046914172126e-01
9.760070046914172126e-01
9.760070046914172126e-01
9.760070046914172126e-01
9.760070046914172126e-01
9.760070046914172126e-01
9.760070046914172126e-01
9.760070046914172126e-01
9.760070046914172126e-01
9.760070046914172126e-01
9.760070046914172126e-01
9.760070046914172126e-01
9.760070046914172126e-01
9.760070046914172126e-01
9.760070046914172126e-01
9.760070046914172126e-01
9.760070046914172126e-01
9.890925114188028333e-01
9.890925114188028333e-01
9.890925114188028333e-01
9.890925114188028333e-01
9.890925114188028333e-01
9.890925114188028333e-01
9.890925114188028333e-01
9.890925114188028333e-01
9.890925114188028333e-01
9.890925114188028333e-01
9.890925114188028333e-01
9.890925114188028333e-01
9.890925114188028333e-01
9.890925114188028333e-01
9.890925114188028333e-01
9.890925114188028333e-01
9.890925114188028333e-01
9.890925114188028333e-01
9.890925114188028333e-01
9.890925114188028333e-01
9.890925114188028333e-01
9.890925114188028333e-01
9.890925114188028333e-01
9.890925114188028333e-01
9.890925114188028333e-01
9.890925114188028333e-01
9.890925114188028333e-01
9.890925114188028333e-01
9.890925114188028333e-01
9.890925114188028333e-01
9.890925114188028333e-01
9.890925114188028333e-01
9.890925114188028333e-01
9.890925114188028333e-01
9.890925114188028333e-01
9.890925114188028333e-01
9.890925114188028333e-01
9.890925114188028333e-01
9.890925114188028333e-01
9.890925114188028333e-01
9.890925114188028333e-01
9.890925114188028333e-01
9.890925114188028333e-01
9.890925114188028333e-01
9.890925114188028333e-01
9.890925114188028333e-01
9.966245033559787414e-01
9.966245033559787414e-01
9.966245033559787414e-01
9.966245033559787414e-01
9.966245033559787414e-01
9.966245033559787414e-01
9.966245033559787414e-01
9.966245033559787414e-01
9.966245033559787414e-01
9.966245033559787414e-01
9.966245033559787414e-01
9.966245033559787414e-01
9.966245033559787414e-01
9.966245033559787414e-01
9.966245033559787414e-01
9.966245033559787414e-01
9.966245033559787414e-01
9.966245033559787414e-01
9.966245033559787414e-01
9.966245033559787414e-01
9.966245033559787414e-01
9.966245033559787414e-01
9.966245033559787414e-01
9.966245033559787414e-01
9.966245033559787414e-01
9.966245033559787414e-01
9.966245033559787414e-01
9.966245033559787414e-01
9.966245033559787414e-01
9.966245033559787414e-01
9.966245033559787414e-01
9.966245033559787414e-01
9.966245033559787414e-01
9.966245033559787414e-01
9.966245033559787414e-01
9.966245033559787414e-01
9.966245033559787414e-01
9.966245033559787414e-01
9.966245033559787414e-01
9.966245033559787414e-01
9.966245033559787414e-01
9.966245033559787414e-01
9.966245033559787414e-01
9.966245033559787414e-01
9.966245033559787414e-01
9.966245033559787414e-01
9.992393228860101395e-01
9.992393228860101395e-01
9.992393228860101395e-01
9.992393228860101395e-01
9.992393228860101395e-01
9.992393228860101395e-01
9.992393228860101395e-01
9.992393228860101395e-01
9.992393228860101395e-01
9.992393228860101395e-01
9.992393228860101395e-01
9.992393228860101395e-01
9.992393228860101395e-01
9.992393228860101395e-01
9.992393228860101395e-01
9.992393228860101395e-01
9.992393228860101395e-01
9.992393228860101395e-01
9.992393228860101395e-01
9.992393228860101395e-01
9.992393228860101395e-01
9.992393228860101395e-01
9.992393228860101395e-01
9.992393228860101395e-01
9.992393228860101395e-01
9.992393228860101395e-01
9.992393228860101395e-01
9.992393228860101395e-01
9.992393228860101395e-01
9.992393228860101395e-01
9.992393228860101395e-01
9.992393228860101395e-01
9.992393228860101395e-01
9.992393228860101395e-01
9.992393228860101395e-01
9.992393228860101395e-01
9.992393228860101395e-01
9.992393228860101395e-01
9.992393228860101395e-01
9.992393228860101395e-01
9.992393228860101395e-01
9.992393228860101395e-01
9.992393228860101395e-01
9.992393228860101395e-01
9.992393228860101395e-01
9.992393228860101395e-01
9.992393228860101395e-01
