-3.616989374494748504e-04
-2.568728219334111620e-02
-4.513425113865802280e-02
-5.385994722552058661e-02
-6.375508767249690734e-02
-6.472015578042424055e-02
-6.275495684074978986e-02
-5.836174239415971299e-02
-5.176395970760989951e-02
-4.279862949888513929e-02
-2.970624689215370373e-02
-1.661386428542212940e-02
-3.521481678690689503e-03
1.055346615327514524e-02
2.692192130724129634e-02
4.329037646120762611e-02
5.965883161517378241e-02
6.842578058566971266e-02
9.257505218482324494e-02
1.114648608637554550e-01
1.303546695426874846e-01
1.492444782216197086e-01
1.554531627052188336e-01
1.736626463960696531e-01
2.104663851439212696e-01
2.244806850740466708e-01
2.384949850041720720e-01
2.525092849342973067e-01
2.665235848644225136e-01
2.805378847945478871e-01
2.945521847246733160e-01
3.085664846547985229e-01
3.225807845849237854e-01
3.365950845150491033e-01
3.506093844451744768e-01
3.646236843752996837e-01
3.786379843054250016e-01
3.926522842355503751e-01
3.942789795756569959e-01
4.112087684076447536e-01
3.644162873768848621e-01
4.625054916421132978e-01
4.709033614230871412e-01
4.793012312040609291e-01
4.876991009850347170e-01
4.960969707660086159e-01
5.044948405469824593e-01
5.128927103279562472e-01
5.212905801089299240e-01
5.296884498899038229e-01
5.380863196708777219e-01
5.464841894518515097e-01
5.548820592328254087e-01
5.632799290137989745e-01
5.716777987947729844e-01
5.800756685757466613e-01
5.884735383567204492e-01
5.968714081376944591e-01
6.052692779186682470e-01
6.136671476996419239e-01
6.220650174806159338e-01
6.304628872615894997e-01
6.388607570425633986e-01
6.472586268235371865e-01
6.556564966045110854e-01
6.640543663854849843e-01
6.724522361664587722e-01
6.808501059474325601e-01
6.924785798544352833e-01
7.016055822685548504e-01
7.117189903815405172e-01
6.812315807852820093e-01
6.868100440120467054e-01
6.923885072388117345e-01
6.979669704655766527e-01
7.035454336923414598e-01
7.091238969191062669e-01
7.147023601458712960e-01
7.202808233726361031e-01
7.258592865994010213e-01
7.314377498261657173e-01
7.370162130529307465e-01
7.425946762796955536e-01
7.481731395064603607e-01
7.537516027332253898e-01
7.593300659599900859e-01
7.649085291867550040e-01
7.704869924135200332e-01
7.760654556402847293e-01
7.816439188670495364e-01
7.872223820938145655e-01
7.928008453205793726e-01
7.983793085473441797e-01
8.039577717741092089e-01
8.095362350008739050e-01
8.151146982276388231e-01
8.206931614544038522e-01
8.262716246811685483e-01
8.318500879079334664e-01
8.374285511346984956e-01
8.430070143614631917e-01
8.485854775882281098e-01
8.368384478153862993e-01
8.387767047316959657e-01
8.407149616480056320e-01
8.426532185643154094e-01
8.445914754806250757e-01
8.465297323969347421e-01
8.484679893132444084e-01
8.504062462295541858e-01
8.523445031458637411e-01
8.542827600621735185e-01
8.562210169784831848e-01
8.581592738947929622e-01
8.600975308111025175e-01
8.620357877274122949e-01
8.639740446437218502e-01
8.702550761077972874e-01
8.724817465841597786e-01
8.747084170605223807e-01
8.769350875368849829e-01
8.791617580132474741e-01
8.813884284896100763e-01
8.836150989659726784e-01
8.858417694423353916e-01
8.880684399186978828e-01
8.902951103950604850e-01
8.925217808714231982e-01
8.947484513477856893e-01
8.969751218241481805e-01
8.992017923005107827e-01
9.014284627768732738e-01
9.036551332532357650e-01
9.093626313113063464e-01
9.106540595899977886e-01
9.119454878686892307e-01
9.132369161473807839e-01
9.145283444260722261e-01
9.158197727047636683e-01
9.171112009834551104e-01
9.184026292621467746e-01
9.196940575408382168e-01
9.209854858195295479e-01
9.222769140982212122e-01
9.235683423769126543e-01
9.248597706556040965e-01
9.261511989342957607e-01
9.274426272129872029e-01
9.287340554916786450e-01
9.300254837703700872e-01
9.313169120490616404e-01
9.326083403277529715e-01
9.338997686064445247e-01
9.351911968851359669e-01
9.364826251638275201e-01
9.377740534425190733e-01
9.390654817212104044e-01
9.363839309857402426e-01
9.375195942163967455e-01
9.386552574470531374e-01
9.397909206777096403e-01
9.409265839083660321e-01
9.420622471390224240e-01
9.431979103696789268e-01
9.443335736003355407e-01
9.454692368309919326e-01
9.466049000616483244e-01
9.477405632923044942e-01
9.488762265229611081e-01
9.500118897536177220e-01
9.583671883496966970e-01
9.589167911870518646e-01
9.594663940244072542e-01
9.600159968617624218e-01
9.605655996991178114e-01
9.611152025364733120e-01
9.616648053738282576e-01
9.622144082111835361e-01
9.627640110485388147e-01
9.633136138858942044e-01
9.638632167232493719e-01
9.644128195606049836e-01
9.649624223979600401e-01
9.655120252353152077e-01
9.660616280726704863e-01
9.666112309100260980e-01
9.671608337473811545e-01
9.677104365847363221e-01
9.682600394220917117e-01
9.688096422594469903e-01
9.693592450968021579e-01
9.699088479341574365e-01
9.704584507715127151e-01
9.710080536088679937e-01
9.715576564462232723e-01
9.721072592835785509e-01
9.726568621209338295e-01
9.732064649582891080e-01
9.737560677956443866e-01
9.743056706329996652e-01
9.748552734703549438e-01
9.754048763077102224e-01
9.730232062825158179e-01
9.736198943052655208e-01
9.742165823280154457e-01
9.748132703507653707e-01
9.754099583735154066e-01
9.760066463962649985e-01
9.766033344190148124e-01
9.772000224417646264e-01
9.777967104645143293e-01
9.783933984872641432e-01
9.789900865100140681e-01
9.795867745327641041e-01
9.830665164839837988e-01
9.832950563317889303e-01
9.835235961795940618e-01
9.837521360273989712e-01
9.839806758752041027e-01
9.842092157230090121e-01
9.844377555708140326e-01
9.846662954186189420e-01
9.848948352664240735e-01
9.851233751142292050e-01
9.853519149620340034e-01
9.855804548098390239e-01
9.858089946576440443e-01
9.860375345054491758e-01
9.862660743532541963e-01
9.864946142010592167e-01
9.867231540488643482e-01
9.869516938966693687e-01
9.871802337444742781e-01
9.874087735922792985e-01
9.876373134400843190e-01
9.878658532878893395e-01
9.880943931356944709e-01
9.883229329834993804e-01
9.885514728313044008e-01
9.887800126791094213e-01
9.895073387247671493e-01
9.897683104675129018e-01
9.900292822102587653e-01
9.902902539530046289e-01
9.905512256957501593e-01
9.908121974384960229e-01
9.910731691812418864e-01
9.913341409239876389e-01
9.915951126667335025e-01
9.918560844094792550e-01
9.921170561522250075e-01
9.923780278949708711e-01
9.926389996377164016e-01
9.928999713804622651e-01
9.931609431232080176e-01
9.934219148659539922e-01
9.936828866086996337e-01
9.942628557433383918e-01
9.942803093715579799e-01
9.942977629997776789e-01
9.943152166279973780e-01
9.943326702562168551e-01
9.943501238844363321e-01
9.943675775126560312e-01
9.943850311408756193e-01
9.944024847690954294e-01
9.935418233573140023e-01
9.937007113189935126e-01
9.938595992806733559e-01
9.940184872423530882e-01
9.941773752040328205e-01
9.943362631657124417e-01
9.944951511273922851e-01
9.946540390890717953e-01
9.948129270507517496e-01
9.949718150124312599e-01
9.951307029741108812e-01
9.952895909357907245e-01
9.954484788974704568e-01
9.956073668591500780e-01
9.957662548208298103e-01
9.959251427825096536e-01
9.960840307441892749e-01
9.962429187058688962e-01
9.964018066675487395e-01
9.965606946292284718e-01
9.967195825909080931e-01
9.968784705525877143e-01
9.970373585142674466e-01
9.971962464759472899e-01
9.973551344376269112e-01
9.975140223993065325e-01
9.976729103609862648e-01
9.978317983226659971e-01
9.979906862843457294e-01
9.981495742460255727e-01
9.983084622077050829e-01
9.984673501693849262e-01
9.986262381310645475e-01
9.980548689265056339e-01
9.980858519940535301e-01
9.981168350616016482e-01
9.981478181291497664e-01
9.981788011966976626e-01
9.982097842642457808e-01
9.982407673317938990e-01
9.982717503993417951e-01
9.983027334668899133e-01
9.983337165344380315e-01
9.983646996019859277e-01
9.983956826695341569e-01
9.984266657370821640e-01
9.984576488046300602e-01
9.984886318721782894e-01
9.985196149397262966e-01
9.985505980072743037e-01
9.985815810748224219e-01
9.986125641423704291e-01
9.986435472099184363e-01
9.986745302774665545e-01
9.987055133450145616e-01
9.986667812237778330e-01
9.987372751745791088e-01
9.988077691253800516e-01
9.988782630761812165e-01
9.989487570269822703e-01
9.990192509777832131e-01
9.990897449285842669e-01
9.991602388793854317e-01
9.992307328301864855e-01
9.993012267809875393e-01
9.993717207317883711e-01
9.994422146825895359e-01
9.992383930002424197e-01
9.992642224142734841e-01
9.992900518283044375e-01
9.993158812423355020e-01
9.993417106563665664e-01
9.993675400703975198e-01
9.993933694844284732e-01
9.994191988984596486e-01
9.994450283124907131e-01
9.994708577265216665e-01
9.994966871405527309e-01
9.995225165545836843e-01
9.995483459686149708e-01
9.995741753826459242e-01
9.996000047966768776e-01
9.996258342107078310e-01
9.996516636247388954e-01
9.996774930387698488e-01
9.997033224528009132e-01
9.997291518668318666e-01
9.997549812808629310e-01
9.997982471489310630e-01
9.998026052437314348e-01
9.998069633385320287e-01
9.998113214333322896e-01
9.998156795281327724e-01
9.998200376229332553e-01
9.998243957177336272e-01
9.998287538125341101e-01
9.998331119073345929e-01
9.998374700021348538e-01
9.998418280969353367e-01
9.998461861917358195e-01
9.998505442865363024e-01
9.998549023813365633e-01
9.998592604761371572e-01
9.998636185709375290e-01
9.998679766657381229e-01
9.998723347605383838e-01
9.998766928553388667e-01
9.998810509501393495e-01
9.998854090449396104e-01
9.998897671397400932e-01
9.998941252345405761e-01
9.998984833293409480e-01
9.999028414241414309e-01
9.999071995189418027e-01
9.999115576137421746e-01
9.999159157085426575e-01
9.999202738033431404e-01
9.999246318981436232e-01
9.999289899929439951e-01
9.999333480877443669e-01
9.999377061825448498e-01
9.999420642773452217e-01
9.999464223721455935e-01
9.999507804669460764e-01
9.999551385617464483e-01
9.999594966565469312e-01
9.999638547513473030e-01
9.999682128461476749e-01
9.999725709409481578e-01
9.999769290357486407e-01
1.000172061970092230e+00
1.000194693097105292e+00
1.000217324224118354e+00
1.000239955351131416e+00
