9.616713279104927015e-01
9.730728829539183611e-01
9.844744379973439097e-01
9.958759930407696803e-01
1.007277548084195118e+00
1.018679103127621000e+00
1.030080658171046437e+00
1.041482213214472097e+00
1.052883768257897756e+00
1.064285323301323194e+00
1.075686878344749298e+00
1.087088433388174735e+00
1.098489988431600173e+00
1.109891543475026054e+00
1.121293098518451492e+00
1.132694653561877152e+00
1.144096208605302811e+00
1.155497763648728471e+00
1.166899318692154131e+00
1.178300873735579790e+00
1.189702428779005450e+00
1.201103983822431109e+00
1.212505538865856769e+00
1.223907093909282207e+00
1.235308648952707866e+00
1.246710203996133526e+00
1.258111759039559185e+00
1.269513314082984623e+00
1.280914869126410505e+00
1.292316424169836164e+00
1.303717979213261824e+00
1.314676143684812448e+00
1.326004469466165681e+00
1.337332795247518913e+00
1.348661121028871479e+00
1.359989446810224711e+00
1.371317772591577722e+00
1.382646098372930510e+00
1.393974424154283964e+00
1.405302749935636752e+00
1.416631075716989763e+00
1.427959401498342773e+00
1.439287727279696005e+00
1.450616053061049016e+00
1.461944378842401804e+00
1.473272704623755036e+00
1.484601030405107824e+00
1.495929356186460835e+00
1.507257681967814067e+00
1.518586007749167077e+00
1.529914333530520087e+00
1.541242659311872876e+00
1.552570985093225886e+00
1.564072102780257323e+00
1.579528769422459122e+00
1.594985436064661144e+00
1.610442102706862721e+00
1.625898769349064521e+00
1.641355435991265876e+00
1.656812102633467454e+00
1.672268769275669253e+00
1.687725435917871053e+00
1.703182102560072853e+00
1.718638769202274652e+00
1.734095435844476230e+00
1.749552102486678029e+00
1.765008769128879829e+00
1.780465435771081406e+00
1.795922102413283206e+00
1.811378769055484561e+00
1.839680289907897004e+00
1.862689536756934716e+00
1.885698783605972428e+00
1.908708030455010363e+00
1.931717277304048075e+00
1.954726524153085787e+00
1.977735771002123277e+00
2.000745017851160767e+00
2.023754264700198480e+00
2.046763511549236192e+00
2.069772758398273904e+00
2.102565389097065918e+00
2.137148093339835686e+00
2.171730797582606343e+00
2.206313501825376555e+00
2.240896206068146324e+00
2.275478910310916092e+00
2.310061614553686304e+00
2.344644318796456517e+00
2.379227023039226729e+00
2.428829295588886605e+00
2.478109167748864472e+00
2.527389039908842783e+00
2.576668912068821093e+00
2.625948784228798072e+00
2.675228656388777271e+00
2.724508528548755137e+00
2.793908631736898851e+00
2.860256941141902320e+00
2.926605250546904013e+00
2.992953559951907927e+00
3.059301869356911840e+00
3.146333166679015303e+00
3.232088010333789008e+00
3.317842853988562712e+00
3.403597697643337749e+00
3.503958514222194953e+00
3.609959407028136891e+00
3.715960299834077940e+00
3.821961192640018989e+00
3.398659090861845034e+00
3.312749052336431355e+00
3.226839013811018120e+00
3.140928975285604441e+00
3.057996167218466343e+00
2.986522845539466342e+00
2.915049523860467673e+00
2.843576202181469004e+00
2.776213158103157053e+00
2.719336687204976233e+00
2.662460216306794525e+00
2.605583745408610596e+00
2.548707274510428888e+00
2.492818105891984271e+00
2.449620284784196134e+00
2.406422463676408441e+00
2.363224642568620304e+00
2.320026821460832167e+00
2.276829000353044474e+00
2.233631179245256337e+00
2.196857994662418712e+00
2.165495522787535432e+00
2.134133050912652152e+00
2.102770579037768428e+00
2.071408107162885592e+00
2.040045635288002313e+00
2.008683163413119033e+00
1.977320691538235975e+00
1.945958219663352917e+00
1.926487868626245437e+00
1.905246019773455535e+00
1.884004170920665633e+00
1.862762322067874621e+00
1.841520473215085829e+00
1.820278624362294817e+00
1.799036775509504915e+00
1.777794926656715013e+00
1.756553077803924445e+00
1.735311228951134543e+00
1.714069380098344642e+00
1.697781172798427107e+00
1.684789222741149173e+00
1.671797272683871016e+00
1.658805322626592638e+00
1.645813372569315147e+00
1.632821422512036769e+00
1.619829472454758612e+00
1.606837522397480900e+00
1.593845572340202743e+00
1.580853622282924364e+00
1.567861672225646652e+00
1.554869722168367829e+00
1.541877772111090339e+00
1.528885822053811516e+00
1.515893871996534248e+00
1.502901921939255869e+00
1.489909971881977935e+00
1.479439353654860234e+00
1.472211511610429957e+00
1.464983669565999458e+00
1.457755827521568959e+00
1.450527985477138682e+00
1.443300143432708182e+00
1.436072301388278127e+00
1.428844459343847850e+00
1.421616617299417351e+00
1.414388775254987074e+00
1.407160933210556575e+00
1.399933091166126076e+00
1.392705249121696243e+00
1.385477407077265743e+00
1.378249565032835466e+00
1.371021722988404745e+00
1.363793880943974690e+00
1.356566038899543969e+00
1.349338196855113914e+00
1.342110354810683193e+00
1.334882512766253360e+00
1.327654670721822416e+00
1.319554375161039017e+00
1.315536835045030273e+00
1.311519294929021529e+00
1.307501754813012340e+00
1.303484214697003818e+00
1.299466674580994630e+00
1.295449134464985663e+00
1.291431594348976697e+00
1.287414054232967731e+00
1.283396514116958542e+00
1.279378974000949354e+00
1.275361433884940832e+00
1.271343893768931643e+00
1.267326353652922899e+00
1.263308813536913711e+00
1.259291273420904966e+00
1.255273733304895778e+00
1.251256193188887034e+00
1.247238653072878067e+00
1.243221112956869323e+00
1.239203572840860135e+00
1.235186032724851390e+00
1.231168492608842202e+00
1.227150952492833236e+00
1.223133412376824047e+00
1.219115872260815081e+00
1.215098332144806337e+00
1.211080792028797593e+00
1.207063251912788404e+00
1.203045711796779216e+00
1.199028171680770471e+00
1.197791062452380872e+00
1.195442952182937946e+00
1.193094841913495019e+00
1.190746731644052314e+00
1.188398621374609387e+00
1.186050511105166683e+00
1.183702400835723756e+00
1.181354290566281051e+00
1.179006180296838124e+00
1.176658070027395420e+00
1.174309959757952271e+00
1.171961849488509344e+00
1.169613739219066417e+00
1.167265628949623490e+00
1.164917518680180786e+00
1.162569408410738081e+00
1.160221298141295154e+00
1.157873187871852005e+00
1.155525077602409523e+00
1.153176967332966596e+00
1.150828857063523669e+00
1.148480746794080742e+00
1.146132636524637816e+00
1.143784526255195111e+00
1.141436415985752184e+00
1.139088305716309257e+00
1.136740195446866553e+00
1.134392085177423626e+00
1.132043974907980699e+00
1.129695864638537550e+00
1.127347754369095068e+00
1.124999644099651919e+00
1.122651533830209214e+00
1.120303423560766287e+00
1.117955313291323582e+00
1.115607203021880434e+00
1.113259092752437729e+00
1.110910982482994802e+00
1.108562872213552097e+00
1.106214761944109171e+00
1.103866651674666022e+00
1.101518541405223317e+00
1.101777296750703794e+00
1.100118428814698790e+00
1.098459560878694452e+00
1.096800692942689892e+00
1.095141825006685332e+00
1.093482957070680994e+00
1.091824089134676434e+00
1.090165221198671874e+00
1.088506353262667536e+00
1.086847485326662976e+00
1.085188617390658417e+00
1.083529749454654079e+00
1.081870881518649519e+00
1.080212013582644737e+00
1.078553145646640399e+00
1.076894277710636061e+00
1.075235409774631279e+00
1.073576541838626719e+00
1.071917673902622603e+00
1.070258805966618043e+00
1.068599938030613483e+00
1.066941070094608701e+00
1.065282202158604363e+00
1.063623334222600025e+00
1.061964466286595243e+00
1.060305598350590905e+00
1.058646730414586346e+00
1.056987862478581786e+00
1.055328994542577226e+00
1.053670126606572666e+00
1.052011258670568328e+00
1.050352390734563768e+00
1.048693522798558986e+00
1.047034654862554648e+00
1.045375786926550310e+00
1.043716918990545528e+00
1.042058051054541190e+00
1.040399183118536630e+00
1.038740315182532292e+00
1.037081447246527732e+00
1.035422579310523172e+00
1.033763711374518612e+00
1.032104843438514274e+00
1.030445975502509492e+00
1.028787107566504933e+00
1.027128239630500595e+00
1.025469371694496035e+00
1.023810503758491475e+00
1.022151635822486915e+00
1.020492767886482355e+00
1.018833899950478017e+00
1.017175032014473457e+00
1.015516164078468897e+00
1.013857296142464559e+00
1.012198428206459999e+00
1.010539560270455439e+00
1.008880692334451101e+00
1.007221824398446541e+00
1.007971000632564396e+00
1.005872772268056048e+00
1.003774543903547922e+00
1.001676315539039575e+00
9.995780871745313378e-01
9.974798588100227681e-01
9.953816304455146424e-01
9.932834020810064057e-01
9.911851737164980580e-01
9.890869453519898213e-01
9.869887169874816957e-01
9.848904886229733480e-01
9.827922602584650003e-01
9.806940318939566525e-01
9.785958035294485269e-01
9.764975751649399571e-01
9.743993468004317204e-01
9.723011184359234838e-01
9.702028900714152471e-01
9.681046617069068994e-01
9.660064333423985516e-01
9.639082049778903150e-01
9.618099766133820783e-01
9.597117482488737306e-01
9.576135198843654939e-01
9.555152915198572572e-01
9.534170631553490205e-01
9.513188347908405618e-01
9.492206064263323251e-01
9.471223780618239774e-01
9.450241496973158517e-01
9.429259213328075040e-01
9.408276929682990453e-01
9.387294646037909196e-01
9.366312362392827939e-01
9.345330078747743352e-01
9.324347795102660985e-01
9.303365511457576398e-01
9.282383227812494031e-01
9.261400944167410554e-01
9.240418660522328187e-01
9.219436376877245820e-01
9.198454093232162343e-01
9.177471809587078866e-01
9.156489525941997609e-01
9.135507242296915242e-01
9.114524958651831765e-01
9.093542675006747178e-01
9.072560391361664811e-01
9.051578107716584665e-01
9.030595824071500077e-01
9.009613540426416600e-01
8.988631256781334233e-01
8.967648973136251866e-01
8.946666689491169500e-01
8.925684405846084912e-01
8.904702122201002545e-01
8.883719838555917958e-01
8.862737554910834481e-01
8.841755271265752114e-01
8.820772987620670857e-01
8.799790703975587380e-01
8.778808420330502793e-01
8.757826136685422647e-01
8.736843853040339170e-01
8.715861569395255692e-01
8.694879285750173326e-01
8.673897002105090959e-01
8.652914718460008592e-01
8.631932434814924004e-01
8.610950151169840527e-01
8.589967867524758161e-01
8.568985583879675794e-01
8.548003300234592317e-01
8.527021016589509950e-01
8.506038732944427583e-01
8.485056449299345216e-01
8.464074165654261739e-01
8.443091882009177152e-01
8.422109598364097005e-01
