-3.405866930449504785e-03
-2.122059810890859766e-02
-3.903532928736768576e-02
-5.685006046582678774e-02
-7.466479164428586890e-02
-6.711095585957972676e-02
-6.161575942063610145e-02
-5.612056298169239982e-02
-5.597679129116914926e-02
-3.923528792355048672e-02
-2.674050192323149805e-02
-1.424571592291238101e-02
-1.750929922593397539e-03
8.114749741283689907e-03
2.412455862198109244e-02
4.473053024471812522e-02
6.205966028605449519e-02
7.938879032739105945e-02
9.671792036872742249e-02
1.084139102873053900e-01
1.253117047115657468e-01
1.422094991358262839e-01
1.644644488239619395e-01
1.811374706936728085e-01
1.978104925633835109e-01
2.144835144330943799e-01
2.258532054122540378e-01
2.414964634719662939e-01
2.631049767803879669e-01
2.779431874693256144e-01
2.927813981582633174e-01
3.076196088472007983e-01
3.224578195361383348e-01
3.281557765682248662e-01
3.538311892867846420e-01
3.662123859807266402e-01
3.785935826746686383e-01
3.909747793686106365e-01
4.033559760625528012e-01
4.157371727564948549e-01
4.281183694504367976e-01
4.264555626801734833e-01
4.539305169878518620e-01
4.642990320960575512e-01
4.746675472042632959e-01
4.850360623124689852e-01
4.953482513302764900e-01
5.060767013194102937e-01
5.168051513085442084e-01
5.275336012976780120e-01
5.382620512868119267e-01
5.464389851046430602e-01
5.550543266403219489e-01
5.636696681760006156e-01
5.722850097116796153e-01
5.809003512473583930e-01
5.895156927830371707e-01
5.981310343187162815e-01
6.067463758543950592e-01
6.153617173900738369e-01
6.157665567785517435e-01
6.297893097310197641e-01
6.365422470845244485e-01
6.432951844380286888e-01
6.500481217915330401e-01
6.568010591450376134e-01
6.635539964985420758e-01
6.703069338520463161e-01
6.770598712055510005e-01
6.838128085590553518e-01
6.855226051517201435e-01
6.955330962535134498e-01
7.010143877038451654e-01
7.064956791541772141e-01
7.119769706045089297e-01
7.174582620548409784e-01
7.229395535051728050e-01
7.284208449555048537e-01
7.339021364058367913e-01
7.393834278561686180e-01
7.419215470585174277e-01
7.465869828252892360e-01
7.535675477454182314e-01
7.579175446799802929e-01
7.622675416145424654e-01
7.666175385491044159e-01
7.709675354836664773e-01
7.753175324182284278e-01
7.796675293527904893e-01
7.840175262873525508e-01
7.856484278829819479e-01
7.899341980627205828e-01
7.966939674615012290e-01
8.002124543961861569e-01
8.037309413308713069e-01
8.072494282655562348e-01
8.107679152002413847e-01
8.142864021349263126e-01
8.178048890696112405e-01
8.213233760042965015e-01
8.248418629389814294e-01
8.283603498736664683e-01
8.278229301686043096e-01
8.309494742594464300e-01
8.381846040404452580e-01
8.409051612296915001e-01
8.436257184189377423e-01
8.463462756081837624e-01
8.490668327974301155e-01
8.517873899866762466e-01
8.545079471759222667e-01
8.572285043651685088e-01
8.599490615544145289e-01
8.626696187436607710e-01
8.653901759329069021e-01
8.647963843959086683e-01
8.708420108329262277e-01
8.730158118053266136e-01
8.751896127777269996e-01
8.773634137501276076e-01
8.795372147225279935e-01
8.817110156949283795e-01
8.838848166673287654e-01
8.860586176397292624e-01
8.882324186121296483e-01
8.904062195845302563e-01
8.925800205569306423e-01
8.921436237768807231e-01
8.968301613518554483e-01
8.986459181331702961e-01
9.004616749144851440e-01
9.022774316958001029e-01
9.040931884771148397e-01
9.059089452584295765e-01
9.077247020397444244e-01
9.095404588210592722e-01
9.113562156023742311e-01
9.131719723836889679e-01
9.149877291650038158e-01
9.148434439720857236e-01
9.162980849345839784e-01
9.191660666805492319e-01
9.206481579647430857e-01
9.221302492489370506e-01
9.236123405331311265e-01
9.250944318173250913e-01
9.265765231015190562e-01
9.280586143857129100e-01
9.295407056699069859e-01
9.310227969541009507e-01
9.325048882382949156e-01
9.332682297720381603e-01
9.344022517335267564e-01
9.355362736950153524e-01
9.366702956565039484e-01
9.378043176179926554e-01
9.389383395794812515e-01
9.406497429481548433e-01
9.417763473424441978e-01
9.429029517367334412e-01
9.440295561310227956e-01
9.451561605253122611e-01
9.462827649196015045e-01
9.474093693138908590e-01
9.485359737081802134e-01
9.495499363038839569e-01
9.504217729189181618e-01
9.512936095339524778e-01
9.521654461489864607e-01
9.530372827640205546e-01
9.539091193790547596e-01
9.547809559940889645e-01
9.556527926091230585e-01
9.566136183429430062e-01
9.574731008112643549e-01
9.583325832795860366e-01
9.591920657479074963e-01
9.600515482162291780e-01
9.609110306845505267e-01
9.617705131528720974e-01
9.626833387839995870e-01
9.633482777618820325e-01
9.640132167397648111e-01
9.646781557176473676e-01
9.653430946955299241e-01
9.660080336734124806e-01
9.666729726512953702e-01
9.673379116291777047e-01
9.678788985244538567e-01
9.685426932814861223e-01
9.692064880385182768e-01
9.698702827955505423e-01
9.705340775525828079e-01
9.711978723096149624e-01
9.721391268088191984e-01
9.726310112792116991e-01
9.731228957496040888e-01
9.736147802199968115e-01
9.741066646903892012e-01
9.745985491607817019e-01
9.750904336311740916e-01
9.755823181015668144e-01
9.760742025719590931e-01
9.765660870423517048e-01
9.768976556971936676e-01
9.774031833266683122e-01
9.779087109561430680e-01
9.784142385856179347e-01
9.789197662150925794e-01
9.797474827872570957e-01
9.801091527900892553e-01
9.804708227929215258e-01
9.808324927957536854e-01
9.811941627985860670e-01
9.815558328014182266e-01
9.819175028042506082e-01
9.822791728070828787e-01
9.826408428099150383e-01
9.830025128127473089e-01
9.833641828155795794e-01
9.834641453810978318e-01
9.838665496023770718e-01
9.842689538236562008e-01
9.846713580449353298e-01
9.854255828226518021e-01
9.856940870202764993e-01
9.859625912179010854e-01
9.862310954155256715e-01
9.864995996131501466e-01
9.867681038107747327e-01
9.870366080083994298e-01
9.873051122060239049e-01
9.875736164036486020e-01
9.878421206012729661e-01
9.881106247988975522e-01
9.883791289965221383e-01
9.886476331941468354e-01
9.889161373917711995e-01
9.888080626313298094e-01
9.890967693364194346e-01
9.898696517010119322e-01
9.900619644034719391e-01
9.902542771059319460e-01
9.904465898083917308e-01
9.906389025108519597e-01
9.908312152133119666e-01
9.910235279157719734e-01
9.912158406182319803e-01
9.914081533206917651e-01
9.916004660231517720e-01
9.917927787256116678e-01
9.919850914280716747e-01
9.921774041305316816e-01
9.923697168329916884e-01
9.925620295354516953e-01
9.924364705896562278e-01
9.926487141428198546e-01
9.932130586574702269e-01
9.933497907236404911e-01
9.934865227898107554e-01
9.936232548559810196e-01
9.937599869221515059e-01
9.938967189883218811e-01
9.940334510544920343e-01
9.941701831206622986e-01
9.943069151868325628e-01
9.944436472530028270e-01
9.945803793191732023e-01
9.947171113853436886e-01
9.948538434515138418e-01
9.949905755176843281e-01
9.951273075838545923e-01
9.952640396500248565e-01
9.951722291709869106e-01
9.955821881832604969e-01
9.956766704168531490e-01
9.957711526504459121e-01
9.958656348840383421e-01
9.959601171176313272e-01
9.960545993512237573e-01
9.961490815848167424e-01
9.962435638184091724e-01
9.963380460520019355e-01
9.964325282855945876e-01
9.965270105191872396e-01
9.966214927527800027e-01
9.967159749863726548e-01
9.968104572199651958e-01
9.969049394535578479e-01
9.969994216871506110e-01
9.970939039207433741e-01
9.972254154521376091e-01
9.972893247368752601e-01
9.973532340216126890e-01
9.974171433063505621e-01
9.974810525910882131e-01
9.975449618758258641e-01
9.976088711605635151e-01
9.976727804453009441e-01
9.977366897300388171e-01
9.978005095992970030e-01
9.978706855344490201e-01
9.979408614696011481e-01
9.980110374047532762e-01
9.980812133399052932e-01
9.981513892750574213e-01
9.982215652102095493e-01
9.982917411453614553e-01
9.982968288784835886e-01
9.983435348552627264e-01
9.983902408320417532e-01
9.984369468088207800e-01
9.984836527856000288e-01
9.985303587623789445e-01
9.985770647391579713e-01
9.986237707159369981e-01
9.986704766927162469e-01
9.987171826694951626e-01
9.987638886462741894e-01
9.988105946230532162e-01
9.988573005998321319e-01
9.989040065766113807e-01
9.989507125533904075e-01
9.989974185301694343e-01
9.990441245069484610e-01
9.990908304837275988e-01
9.990666728236761163e-01
9.990969993285588879e-01
9.991273258334412155e-01
9.991576523383238762e-01
9.991879788432063147e-01
9.992183053480888644e-01
9.992486318529714140e-01
9.992789583578538526e-01
9.993092848627364022e-01
9.993396113676189518e-01
9.993699378725015015e-01
9.994002643773839401e-01
9.994305908822664897e-01
9.994609173871490393e-01
9.994912438920314779e-01
9.995215703969140275e-01
9.995265633510193037e-01
9.995308342752243780e-01
9.995351051994295632e-01
9.995530830813404988e-01
9.995731525179379906e-01
9.995932219545353714e-01
9.996132913911327522e-01
9.996333608277302440e-01
9.996534302643275138e-01
9.996734997009251167e-01
9.996935691375226085e-01
9.997136385741198783e-01
9.997337080107173701e-01
9.997537774473145289e-01
9.997776742596922173e-01
9.997848106333774298e-01
9.997919470070626424e-01
9.997990833807479660e-01
9.998062197544332896e-01
9.998133561281186132e-01
9.998204925018037148e-01
9.998276288754890384e-01
9.998347652491742510e-01
9.998647502940471998e-01
9.998790842728967343e-01
9.998934182517462688e-01
9.999077522305956922e-01
9.998719670480306076e-01
9.998793371859227008e-01
9.998867073238145720e-01
9.999139539014386679e-01
9.999192405172779852e-01
9.999245271331171914e-01
9.999298137489566196e-01
9.999351003647958258e-01
9.999403869806350320e-01
9.999456735964742382e-01
9.999509602123136665e-01
9.999562468281530947e-01
9.999615334439920789e-01
9.999668200598312851e-01
9.999721066756706023e-01
9.999851882853572071e-01
9.999861764685138432e-01
9.999871646516707013e-01
9.999881528348272264e-01
9.999891410179840845e-01
9.999901292011409426e-01
9.999911173842976897e-01
9.999921055674545478e-01
9.999930937506112949e-01
9.999940819337680420e-01
9.999950701169249001e-01
9.999960583000816472e-01
1.000005662484801050e+00
1.000010133403955059e+00
1.000014604323109291e+00
1.000019075242263522e+00
