8.525170811450147879e-01
8.689162496722782070e-01
8.853154181995417371e-01
9.017145867268052672e-01
9.181137552540687974e-01
9.345129237813323275e-01
9.509120923085961907e-01
9.673112608358594988e-01
9.837104293631230290e-01
1.000109597890386670e+00
1.016508766417650200e+00
1.032907934944913730e+00
1.049307103472177261e+00
1.065706271999440791e+00
1.082105440526704321e+00
1.098504609053968073e+00
1.114903777581231381e+00
1.131729127889276487e+00
1.144207049599636372e+00
1.156684971309996479e+00
1.169162893020357030e+00
1.181640814730717137e+00
1.194118736441077022e+00
1.206596658151437351e+00
1.219074579861797680e+00
1.231552501572157787e+00
1.244030423282517894e+00
1.256508344992878223e+00
1.268986266703238330e+00
1.281464188413598437e+00
1.293942110123958544e+00
1.306420031834318873e+00
1.318897953544678980e+00
1.329758877340980083e+00
1.341213604265353521e+00
1.352668331189727180e+00
1.364123058114100839e+00
1.375577785038474499e+00
1.387032511962848158e+00
1.398487238887222039e+00
1.409941965811595477e+00
1.421396692735969136e+00
1.432851419660342795e+00
1.444306146584716455e+00
1.455760873509090114e+00
1.467215600433463774e+00
1.478670327357837211e+00
1.490125054282210870e+00
1.501339254774237908e+00
1.514982686612727392e+00
1.528626118451216209e+00
1.542269550289705471e+00
1.555912982128194288e+00
1.569556413966683328e+00
1.583199845805172146e+00
1.596843277643661407e+00
1.610486709482150225e+00
1.624130141320639042e+00
1.637773573159128082e+00
1.651417004997616900e+00
1.665060436836106161e+00
1.678703868674594979e+00
1.687340705208179692e+00
1.706678254307314013e+00
1.726015803406449001e+00
1.745353352505583322e+00
1.764690901604717865e+00
1.784028450703852853e+00
1.803365999802987174e+00
1.822703548902121495e+00
1.842041098001256039e+00
1.861378647100390582e+00
1.880716196199524903e+00
1.900053745298659891e+00
1.919391294397794212e+00
1.933332966988906110e+00
1.962592516227998907e+00
1.991852065467091482e+00
2.021111614706184056e+00
2.050371163945276187e+00
2.079630713184368762e+00
2.108890262423461337e+00
2.138149811662553912e+00
2.167409360901646487e+00
2.196668910140739062e+00
2.225928459379831637e+00
2.255188008618923767e+00
2.284447557858016342e+00
2.344662492348002392e+00
2.393024066880942158e+00
2.441385641413882368e+00
2.489747215946822578e+00
2.538108790479762789e+00
2.586470365012702999e+00
2.634831939545641877e+00
2.683193514078582087e+00
2.731555088611522297e+00
2.779916663144462508e+00
2.828278237677403162e+00
2.924455839466660656e+00
3.006072796730277830e+00
3.087689753993892783e+00
3.169306711257509068e+00
3.250923668521123133e+00
3.332540625784739419e+00
3.414157583048354816e+00
3.495774540311971101e+00
3.577391497575586943e+00
3.659008454839201452e+00
3.740625412102816849e+00
3.329892655189623962e+00
3.263192065764134231e+00
3.196491476338645388e+00
3.129790886913155212e+00
3.063090297487665925e+00
2.996389708062176194e+00
2.929689118636686906e+00
2.862988529211197619e+00
2.796287939785707888e+00
2.729587350360218601e+00
2.662886760934729313e+00
2.576230701501894593e+00
2.535521253139862097e+00
2.494811804777830044e+00
2.454102356415797548e+00
2.413392908053765051e+00
2.372683459691732111e+00
2.331974011329699614e+00
2.291264562967667562e+00
2.250555114605634621e+00
2.209845666243602125e+00
2.169136217881569628e+00
2.128426769519537132e+00
2.078847681508975143e+00
2.054897248825126255e+00
2.030946816141277811e+00
2.006996383457428479e+00
1.983045950773579813e+00
1.959095518089730925e+00
1.935145085405882037e+00
1.911194652722033593e+00
1.887244220038184483e+00
1.863293787354334707e+00
1.839343354670486708e+00
1.815392921986637154e+00
1.791442489302788266e+00
1.763184903901955813e+00
1.748053100733705456e+00
1.732921297565454433e+00
1.717789494397204075e+00
1.702657691228953274e+00
1.687525888060702695e+00
1.672394084892452337e+00
1.657262281724201536e+00
1.642130478555950512e+00
1.626998675387699933e+00
1.611866872219449576e+00
1.596735069051198774e+00
1.581603265882948195e+00
1.566471462714697171e+00
1.557839593643687293e+00
1.547821973586520183e+00
1.537804353529353296e+00
1.527786733472186409e+00
1.517769113415019966e+00
1.507751493357852857e+00
1.497733873300686191e+00
1.487716253243518860e+00
1.477698633186351973e+00
1.467681013129185086e+00
1.457663393072017755e+00
1.447645773014851089e+00
1.437628152957684202e+00
1.427610532900517315e+00
1.417592912843350206e+00
1.414658494183395732e+00
1.408081838074140002e+00
1.401505181964884050e+00
1.394928525855627877e+00
1.388351869746371703e+00
1.381775213637115751e+00
1.375198557527859577e+00
1.368621901418603404e+00
1.362045245309347896e+00
1.355468589200091278e+00
1.348891933090835549e+00
1.342315276981579375e+00
1.335738620872323645e+00
1.329161964763067250e+00
1.322585308653811298e+00
1.316008652544555346e+00
1.313042439425110564e+00
1.308604013090008955e+00
1.304165586754907791e+00
1.299727160419806182e+00
1.295288734084704796e+00
1.290850307749603632e+00
1.286411881414502467e+00
1.281973455079401081e+00
1.277535028744299250e+00
1.273096602409198530e+00
1.268658176074097144e+00
1.264219749738995757e+00
1.259781323403894593e+00
1.255342897068793206e+00
1.250904470733691820e+00
1.246466044398590434e+00
1.242027618063489047e+00
1.239691761408743931e+00
1.236500361271968274e+00
1.233308961135192394e+00
1.230117560998416515e+00
1.226926160861640414e+00
1.223734760724864756e+00
1.220543360588088877e+00
1.217351960451312776e+00
1.214160560314537340e+00
1.210969160177761239e+00
1.207777760040985582e+00
1.204586359904209703e+00
1.201394959767433823e+00
1.198203559630657944e+00
1.195012159493882065e+00
1.191820759357106185e+00
1.188629359220330306e+00
1.186447931756118956e+00
1.183978125266463399e+00
1.181508318776808508e+00
1.179038512287153173e+00
1.176568705797498060e+00
1.174098899307842725e+00
1.171629092818187612e+00
1.169159286328532721e+00
1.166689479838877164e+00
1.164219673349222051e+00
1.161749866859566716e+00
1.159280060369911602e+00
1.156810253880256267e+00
1.154340447390601154e+00
1.151870640900946041e+00
1.149400834411290706e+00
1.146931027921635593e+00
1.144461221431980480e+00
1.141991414942325367e+00
1.140423999436295466e+00
1.138430514429422002e+00
1.136437029422548539e+00
1.134443544415674854e+00
1.132450059408801613e+00
1.130456574401927927e+00
1.128463089395054242e+00
1.126469604388180779e+00
1.124476119381307093e+00
1.122482634374433630e+00
1.120489149367559945e+00
1.118495664360686481e+00
1.116502179353812796e+00
1.114508694346939333e+00
1.112515209340065869e+00
1.110521724333192184e+00
1.108528239326318721e+00
1.106534754319445257e+00
1.104541269312571572e+00
1.102632754456648323e+00
1.100908665235504236e+00
1.099184576014360371e+00
1.097460486793216283e+00
1.095736397572072418e+00
1.094012308350928331e+00
1.092288219129784022e+00
1.090564129908640156e+00
1.088840040687496291e+00
1.087115951466352204e+00
1.085391862245208117e+00
1.083667773024064029e+00
1.081943683802920164e+00
1.080219594581776077e+00
1.078495505360631990e+00
1.076771416139487902e+00
1.075047326918343815e+00
1.073323237697199728e+00
1.071599148476056085e+00
1.069875059254911998e+00
1.068150970033767910e+00
1.066968983383639769e+00
1.065321466819601604e+00
1.063673950255563216e+00
1.062026433691525051e+00
1.060378917127486886e+00
1.058731400563448721e+00
1.057083883999410556e+00
1.055436367435372169e+00
1.053788850871334004e+00
1.052141334307296061e+00
1.050493817743257674e+00
1.048846301179219509e+00
1.047198784615181344e+00
1.045551268051143179e+00
1.043903751487104792e+00
1.042256234923066849e+00
1.040608718359028684e+00
1.038961201794990519e+00
1.037313685230952132e+00
1.035666168666913967e+00
1.034018652102876024e+00
1.032177157294988490e+00
1.030500406908042121e+00
1.028823656521096197e+00
1.027146906134150273e+00
1.025470155747204126e+00
1.023793405360257758e+00
1.022116654973311833e+00
1.020439904586365909e+00
1.018763154199419319e+00
1.017086403812473394e+00
1.015409653425527470e+00
1.013732903038581101e+00
1.012056152651634955e+00
1.010379402264689030e+00
1.008702651877743106e+00
1.007025901490796960e+00
1.005349151103850591e+00
1.003672400716904667e+00
1.001995650329958520e+00
1.000318899943012374e+00
9.986421495560662276e-01
9.969653991691203032e-01
9.952886487821741568e-01
9.929468408852445416e-01
9.910614467805439753e-01
9.891760526758438532e-01
9.872906585711433980e-01
9.854052644664429428e-01
9.835198703617422655e-01
9.816344762570419213e-01
9.797490821523413551e-01
9.778636880476410109e-01
9.759782939429403337e-01
9.740928998382399895e-01
9.722075057335396453e-01
9.703221116288390791e-01
9.684367175241387349e-01
9.665513234194383907e-01
9.646659293147377134e-01
9.627805352100371472e-01
9.608951411053368030e-01
9.590097470006364588e-01
9.571243528959357816e-01
9.552389587912353264e-01
9.533535646865349822e-01
9.514681705818346380e-01
9.493409389760317785e-01
9.470539753243203407e-01
9.447670116726092360e-01
9.424800480208977982e-01
9.401930843691864714e-01
9.379061207174750336e-01
9.356191570657637069e-01
9.333321934140522691e-01
9.310452297623409423e-01
9.287582661106297266e-01
9.264713024589185109e-01
9.241843388072070731e-01
9.218973751554956353e-01
9.196104115037845306e-01
9.173234478520733148e-01
9.150364842003617660e-01
9.127495205486504393e-01
9.104625568969390015e-01
9.081755932452278968e-01
9.058886295935164590e-01
9.036016659418050212e-01
9.013147022900938055e-01
8.990277386383824787e-01
8.967407749866710409e-01
8.932769173412136166e-01
8.903694815198572865e-01
8.874620456985007344e-01
8.845546098771441823e-01
8.816471740557879633e-01
8.787397382344315222e-01
8.758323024130748591e-01
8.729248665917183070e-01
8.700174307703620880e-01
8.671099949490057579e-01
8.642025591276492058e-01
8.612951233062926537e-01
8.583876874849362126e-01
8.554802516635797716e-01
8.525728158422232195e-01
8.496653800208666674e-01
8.467579441995104483e-01
8.438505083781540073e-01
8.409430725567974552e-01
8.380356367354409031e-01
8.351282009140844620e-01
8.322207650927282430e-01
8.293133292713716909e-01
8.264058934500151388e-01
8.234984576286586977e-01
