-3.189098863929423766e-02
-3.646963911036215505e-02
-4.104828958143007245e-02
-4.562694005249799678e-02
-5.020559052356592111e-02
-5.478424099463386626e-02
-5.936289146570176284e-02
-5.989125314823248725e-02
-4.594571158892137713e-02
-3.200017002961010743e-02
-1.805462847029898690e-02
-4.109086910987734542e-03
9.836454648323382510e-03
2.378199620763463487e-02
3.772753776694576233e-02
5.144485112073707289e-02
6.866285997723231560e-02
8.588086883372772484e-02
1.030988776902229537e-01
1.203168865467183629e-01
1.375348954032135917e-01
1.547529042597090010e-01
1.719709131162042437e-01
1.891889219726996252e-01
2.064069308291948401e-01
2.236249396856902494e-01
2.408429485421856864e-01
2.574614335328874737e-01
2.709108546538298579e-01
2.843602757747724086e-01
2.978096968957149038e-01
3.112591180166572880e-01
3.247085391375996721e-01
3.381579602585422228e-01
3.516073813794847180e-01
3.650568025004271022e-01
3.785062236213694864e-01
3.919556447423120371e-01
4.054050658632545323e-01
4.188544869841969720e-01
4.323039081051393007e-01
4.457533292260818514e-01
4.592027503470243466e-01
4.710053069794977176e-01
4.794382919795723841e-01
4.878712769796470505e-01
4.963042619797217170e-01
5.047372469797961614e-01
5.131702319798708833e-01
5.216032169799454943e-01
5.300362019800201052e-01
5.384691869800947162e-01
5.469021719801694381e-01
5.553351569802438270e-01
5.637681419803185490e-01
5.722011269803932709e-01
5.806341119804677708e-01
5.890670969805424928e-01
5.975000819806171037e-01
6.059330669806917147e-01
6.143660519807664366e-01
6.227990369808407145e-01
6.312320219809156585e-01
6.396650069809900474e-01
6.480979919810645473e-01
6.548610747291546685e-01
6.594447892579333725e-01
6.640285037867118545e-01
6.686122183154906695e-01
6.731959328442694845e-01
6.777796473730480775e-01
6.823633619018268925e-01
6.869470764306053745e-01
6.915307909593843005e-01
6.961145054881628935e-01
7.006982200169415975e-01
7.052819345457203015e-01
7.098656490744990055e-01
7.144493636032777095e-01
7.190330781320564135e-01
7.236167926608350065e-01
7.282005071896137105e-01
7.327842217183924145e-01
7.373679362471712295e-01
7.419516507759499335e-01
7.465353653047286375e-01
7.511190798335071195e-01
7.557027943622859345e-01
7.602865088910646385e-01
7.648702234198433425e-01
7.694539379486221575e-01
7.740376524774007505e-01
7.786213670061793435e-01
7.832050815349581585e-01
7.877887960637367515e-01
7.923725105925155665e-01
7.943243375845338017e-01
7.966621406466283251e-01
7.989999437087228484e-01
8.013377467708173718e-01
8.036755498329118952e-01
8.060133528950064186e-01
8.083511559571010530e-01
8.106889590191954653e-01
8.130267620812900997e-01
8.153645651433845121e-01
8.177023682054789244e-01
8.200401712675735588e-01
8.223779743296679712e-01
8.247157773917627166e-01
8.270535804538570179e-01
8.293913835159516523e-01
8.317291865780461757e-01
8.340669896401406991e-01
8.364047927022351114e-01
8.387425957643297458e-01
8.410803988264242692e-01
8.434182018885187926e-01
8.457560049506132049e-01
8.480938080127077283e-01
8.504316110748023627e-01
8.527694141368968861e-01
8.551072171989912984e-01
8.574450202610859328e-01
8.597828233231803452e-01
8.621206263852748686e-01
8.644584294473693920e-01
8.667962325094640264e-01
8.691340355715585497e-01
8.714718386336529621e-01
8.738096416957475965e-01
8.761474447578420088e-01
8.784852478199364212e-01
8.808230508820311666e-01
8.831608539441255790e-01
8.854986570062201023e-01
8.878364600683146257e-01
8.875087639676028095e-01
8.887589124795314266e-01
8.900090609914599327e-01
8.912592095033884387e-01
8.925093580153169448e-01
8.937595065272453398e-01
8.950096550391738459e-01
8.962598035511023520e-01
8.975099520630308580e-01
8.987601005749593641e-01
9.000102490868877592e-01
9.012603975988162652e-01
9.025105461107447713e-01
9.037606946226732774e-01
9.050108431346017834e-01
9.062609916465300675e-01
9.075111401584585735e-01
9.087612886703870796e-01
9.100114371823155857e-01
9.112615856942439807e-01
9.125117342061723757e-01
9.137618827181009928e-01
9.150120312300294989e-01
9.162621797419581160e-01
9.175123282538864000e-01
9.187624767658147951e-01
9.200126252777433011e-01
9.212627737896718072e-01
9.225129223016002022e-01
9.237630708135287083e-01
9.250132193254573254e-01
9.262633678373857204e-01
9.275135163493142265e-01
9.287636648612426216e-01
9.300138133731711276e-01
9.312639618850996337e-01
9.325141103970281398e-01
9.337642589089564238e-01
9.350144074208850409e-01
9.362645559328135469e-01
9.375147044447420530e-01
9.387648529566705591e-01
9.400150014685988431e-01
9.412651499805273492e-01
9.414097199129042304e-01
9.421028980146174403e-01
9.427960761163306502e-01
9.434892542180437491e-01
9.441824323197571811e-01
9.448756104214702800e-01
9.455687885231834899e-01
9.462619666248968109e-01
9.469551447266100208e-01
9.476483228283231197e-01
9.483415009300363296e-01
9.490346790317496506e-01
9.497278571334628605e-01
9.504210352351760704e-01
9.511142133368892804e-01
9.518073914386026013e-01
9.525005695403158112e-01
9.531937476420289101e-01
9.538869257437422311e-01
9.545801038454553300e-01
9.552732819471686510e-01
9.559664600488818609e-01
9.566596381505950708e-01
9.573528162523082807e-01
9.580459943540213796e-01
9.587391724557347006e-01
9.594323505574479105e-01
9.601255286591611204e-01
9.608187067608743304e-01
9.615118848625875403e-01
9.622050629643008612e-01
9.628982410660140712e-01
9.635914191677272811e-01
9.642845972694404910e-01
9.649777753711537009e-01
9.656709534728670219e-01
9.663641315745802318e-01
9.670573096762933307e-01
9.677504877780065407e-01
9.684436658797196396e-01
9.691368439814330715e-01
9.698300220831462815e-01
9.705232001848594914e-01
9.711393221198059145e-01
9.715122972840098958e-01
9.718852724482140992e-01
9.722582476124181916e-01
9.726312227766222840e-01
9.730041979408263764e-01
9.733771731050304687e-01
9.737501482692345611e-01
9.741231234334386535e-01
9.744960985976428569e-01
9.748690737618470603e-01
9.752420489260511527e-01
9.756150240902552451e-01
9.759879992544593375e-01
9.763609744186634298e-01
9.767339495828676332e-01
9.771069247470717256e-01
9.774798999112759290e-01
9.778528750754797993e-01
9.782258502396841138e-01
9.785988254038882062e-01
9.789718005680922985e-01
9.793447757322963909e-01
9.797177508965004833e-01
9.800907260607045757e-01
9.804637012249086681e-01
9.808366763891127604e-01
9.812096515533170749e-01
9.815826267175210562e-01
9.819556018817252596e-01
9.823285770459292410e-01
9.827015522101334444e-01
9.830745273743375368e-01
9.834475025385418512e-01
9.838204777027459436e-01
9.841934528669500359e-01
9.845664280311542393e-01
9.849394031953582207e-01
9.853123783595624241e-01
9.856853535237664055e-01
9.860583286879706089e-01
9.864313038521745902e-01
9.868042790163787936e-01
9.871772541805828860e-01
9.874134783258594616e-01
9.876000467802825700e-01
9.877866152347055673e-01
9.879731836891287866e-01
9.881597521435518949e-01
9.883463205979748922e-01
9.885328890523981116e-01
9.887194575068212199e-01
9.889060259612442172e-01
9.890925944156673255e-01
9.892791628700904338e-01
9.894657313245135422e-01
9.896522997789366505e-01
9.898388682333597588e-01
9.900254366877827561e-01
9.902120051422059754e-01
9.903985735966289727e-01
9.905851420510520811e-01
9.907717105054751894e-01
9.909582789598981867e-01
9.911448474143214060e-01
9.913314158687444033e-01
9.915179843231676227e-01
9.917045527775907310e-01
9.918911212320138393e-01
9.920776896864367256e-01
9.922642581408599449e-01
9.924508265952831643e-01
9.926373950497061616e-01
9.928239635041291589e-01
9.930105319585522672e-01
9.931971004129753755e-01
9.933836688673984838e-01
9.935702373218217032e-01
9.937568057762447005e-01
9.939433742306676978e-01
9.941299426850909171e-01
9.943165111395139144e-01
9.945030795939370227e-01
9.946896480483601310e-01
9.948762165027831283e-01
9.950627849572062367e-01
9.952493534116293450e-01
9.954359218660525643e-01
9.954542151541737605e-01
9.955368480176001178e-01
9.956194808810262531e-01
9.957021137444523884e-01
9.957847466078786347e-01
9.958673794713048810e-01
9.959500123347310163e-01
9.960326451981572626e-01
9.961152780615833979e-01
9.961979109250096442e-01
9.962805437884360016e-01
9.963631766518621369e-01
9.964458095152882722e-01
9.965284423787145185e-01
9.966110752421407648e-01
9.966937081055671221e-01
9.967763409689932574e-01
9.968589738324193927e-01
9.969416066958455280e-01
9.970242395592718854e-01
9.971068724226980207e-01
9.971895052861242670e-01
9.972721381495504023e-01
9.973547710129766486e-01
9.974374038764027839e-01
9.975200367398291412e-01
9.976026696032553875e-01
9.976853024666815228e-01
9.977679353301077692e-01
9.978505681935337934e-01
9.979332010569602618e-01
9.980158339203861750e-01
9.980984667838125324e-01
9.981810996472387787e-01
9.982637325106650250e-01
9.983463653740912713e-01
9.984289982375174066e-01
9.985116311009437640e-01
9.985942639643697882e-01
9.986768968277959235e-01
9.987595296912222809e-01
9.988421625546484162e-01
9.989247954180747735e-01
9.990074282815007978e-01
9.990786484737220752e-01
9.991057626292573213e-01
9.991328767847929004e-01
9.991599909403281465e-01
9.991871050958636147e-01
9.992142192513990828e-01
9.992413334069342179e-01
9.992684475624699081e-01
9.992955617180050432e-01
9.993226758735406223e-01
9.993497900290759794e-01
9.993769041846113366e-01
9.994040183401466937e-01
9.994311324956822729e-01
9.994582466512176300e-01
9.994853608067529871e-01
9.995124749622884552e-01
9.995395891178237013e-01
9.995667032733590585e-01
9.995938174288944156e-01
9.996209315844299947e-01
9.996480457399653519e-01
9.996751598955007090e-01
9.997022740510361771e-01
9.997293882065715342e-01
9.997565023621068914e-01
9.997836165176422485e-01
9.998107306731778277e-01
9.998378448287131848e-01
9.998649589842485419e-01
9.998920731397837880e-01
9.999191872953192561e-01
9.999463014508547243e-01
9.999734156063900814e-01
1.000000529761925439e+00
1.000027643917460907e+00
1.000054758072996375e+00
1.000081872228531621e+00
1.000108986384067089e+00
1.000136100539602557e+00
1.000163214695137803e+00
1.000190328850673271e+00
1.000217443006208740e+00
1.000244557161744208e+00
