-4.170579451139839328e-02
-4.170579451139839328e-02
-4.170579451139839328e-02
-4.170579451139839328e-02
-4.170579451139839328e-02
-4.170579451139839328e-02
-4.170579451139839328e-02
7.603427719823774300e-02
7.603427719823774300e-02
7.603427719823774300e-02
7.603427719823774300e-02
7.603427719823774300e-02
7.603427719823774300e-02
7.603427719823774300e-02
7.603427719823774300e-02
1.743126208340739780e-01
1.743126208340739780e-01
1.743126208340739780e-01
1.743126208340739780e-01
1.743126208340739780e-01
1.743126208340739780e-01
1.743126208340739780e-01
1.743126208340739780e-01
1.743126208340739780e-01
1.743126208340739780e-01
1.743126208340739780e-01
1.743126208340739780e-01
3.909043634941343770e-01
3.909043634941343770e-01
3.909043634941343770e-01
3.909043634941343770e-01
3.909043634941343770e-01
3.909043634941343770e-01
3.909043634941343770e-01
3.909043634941343770e-01
3.909043634941343770e-01
3.909043634941343770e-01
3.909043634941343770e-01
3.909043634941343770e-01
3.909043634941343770e-01
3.909043634941343770e-01
3.909043634941343770e-01
3.909043634941343770e-01
5.782163469706579351e-01
5.782163469706579351e-01
5.782163469706579351e-01
5.782163469706579351e-01
5.782163469706579351e-01
5.782163469706579351e-01
5.782163469706579351e-01
5.782163469706579351e-01
5.782163469706579351e-01
5.782163469706579351e-01
5.782163469706579351e-01
5.782163469706579351e-01
5.782163469706579351e-01
5.782163469706579351e-01
5.782163469706579351e-01
5.782163469706579351e-01
5.782163469706579351e-01
5.782163469706579351e-01
5.782163469706579351e-01
5.782163469706579351e-01
5.782163469706579351e-01
5.782163469706579351e-01
7.317197255619644070e-01
7.317197255619644070e-01
7.317197255619644070e-01
7.317197255619644070e-01
7.317197255619644070e-01
7.317197255619644070e-01
7.317197255619644070e-01
7.317197255619644070e-01
7.317197255619644070e-01
7.317197255619644070e-01
7.317197255619644070e-01
7.317197255619644070e-01
7.317197255619644070e-01
7.317197255619644070e-01
7.317197255619644070e-01
7.317197255619644070e-01
7.317197255619644070e-01
7.317197255619644070e-01
7.317197255619644070e-01
7.317197255619644070e-01
7.317197255619644070e-01
7.317197255619644070e-01
7.317197255619644070e-01
7.317197255619644070e-01
7.317197255619644070e-01
7.317197255619644070e-01
7.317197255619644070e-01
7.317197255619644070e-01
7.317197255619644070e-01
7.317197255619644070e-01
7.317197255619644070e-01
8.469205466345411937e-01
8.469205466345411937e-01
8.469205466345411937e-01
8.469205466345411937e-01
8.469205466345411937e-01
8.469205466345411937e-01
8.469205466345411937e-01
8.469205466345411937e-01
8.469205466345411937e-01
8.469205466345411937e-01
8.469205466345411937e-01
8.469205466345411937e-01
8.469205466345411937e-01
8.469205466345411937e-01
8.469205466345411937e-01
8.469205466345411937e-01
8.469205466345411937e-01
8.469205466345411937e-01
8.469205466345411937e-01
8.469205466345411937e-01
8.469205466345411937e-01
8.469205466345411937e-01
8.469205466345411937e-01
8.469205466345411937e-01
8.469205466345411937e-01
8.469205466345411937e-01
8.469205466345411937e-01
8.469205466345411937e-01
8.469205466345411937e-01
8.469205466345411937e-01
8.469205466345411937e-01
8.469205466345411937e-01
8.469205466345411937e-01
8.469205466345411937e-01
8.469205466345411937e-01
8.469205466345411937e-01
8.469205466345411937e-01
8.469205466345411937e-01
8.469205466345411937e-01
8.469205466345411937e-01
8.469205466345411937e-01
9.180710439718922089e-01
9.180710439718922089e-01
9.180710439718922089e-01
9.180710439718922089e-01
9.180710439718922089e-01
9.180710439718922089e-01
9.180710439718922089e-01
9.180710439718922089e-01
9.180710439718922089e-01
9.180710439718922089e-01
9.180710439718922089e-01
9.180710439718922089e-01
9.180710439718922089e-01
9.180710439718922089e-01
9.180710439718922089e-01
9.180710439718922089e-01
9.180710439718922089e-01
9.180710439718922089e-01
9.180710439718922089e-01
9.180710439718922089e-01
9.180710439718922089e-01
9.180710439718922089e-01
9.180710439718922089e-01
9.180710439718922089e-01
9.180710439718922089e-01
9.180710439718922089e-01
9.180710439718922089e-01
9.180710439718922089e-01
9.180710439718922089e-01
9.180710439718922089e-01
9.180710439718922089e-01
9.180710439718922089e-01
9.180710439718922089e-01
9.180710439718922089e-01
9.180710439718922089e-01
9.180710439718922089e-01
9.180710439718922089e-01
9.180710439718922089e-01
9.180710439718922089e-01
9.180710439718922089e-01
9.180710439718922089e-01
9.180710439718922089e-01
9.180710439718922089e-01
9.180710439718922089e-01
9.577720441949457708e-01
9.577720441949457708e-01
9.577720441949457708e-01
9.577720441949457708e-01
9.577720441949457708e-01
9.577720441949457708e-01
9.577720441949457708e-01
9.577720441949457708e-01
9.577720441949457708e-01
9.577720441949457708e-01
9.577720441949457708e-01
9.577720441949457708e-01
9.577720441949457708e-01
9.577720441949457708e-01
9.577720441949457708e-01
9.577720441949457708e-01
9.577720441949457708e-01
9.577720441949457708e-01
9.577720441949457708e-01
9.577720441949457708e-01
9.577720441949457708e-01
9.577720441949457708e-01
9.577720441949457708e-01
9.577720441949457708e-01
9.577720441949457708e-01
9.577720441949457708e-01
9.577720441949457708e-01
9.577720441949457708e-01
9.577720441949457708e-01
9.577720441949457708e-01
9.577720441949457708e-01
9.577720441949457708e-01
9.577720441949457708e-01
9.577720441949457708e-01
9.577720441949457708e-01
9.577720441949457708e-01
9.577720441949457708e-01
9.577720441949457708e-01
9.577720441949457708e-01
9.577720441949457708e-01
9.577720441949457708e-01
9.577720441949457708e-01
9.577720441949457708e-01
9.790421423369560783e-01
9.790421423369560783e-01
9.790421423369560783e-01
9.790421423369560783e-01
9.790421423369560783e-01
9.790421423369560783e-01
9.790421423369560783e-01
9.790421423369560783e-01
9.790421423369560783e-01
9.790421423369560783e-01
9.790421423369560783e-01
9.790421423369560783e-01
9.790421423369560783e-01
9.790421423369560783e-01
9.790421423369560783e-01
9.790421423369560783e-01
9.790421423369560783e-01
9.790421423369560783e-01
9.790421423369560783e-01
9.790421423369560783e-01
9.790421423369560783e-01
9.790421423369560783e-01
9.790421423369560783e-01
9.790421423369560783e-01
9.790421423369560783e-01
9.790421423369560783e-01
9.790421423369560783e-01
9.790421423369560783e-01
9.790421423369560783e-01
9.790421423369560783e-01
9.790421423369560783e-01
9.790421423369560783e-01
9.790421423369560783e-01
9.790421423369560783e-01
9.790421423369560783e-01
9.790421423369560783e-01
9.790421423369560783e-01
9.790421423369560783e-01
9.790421423369560783e-01
9.790421423369560783e-01
9.790421423369560783e-01
9.790421423369560783e-01
9.790421423369560783e-01
9.790421423369560783e-01
9.907039174878048415e-01
9.907039174878048415e-01
9.907039174878048415e-01
9.907039174878048415e-01
9.907039174878048415e-01
9.907039174878048415e-01
9.907039174878048415e-01
9.907039174878048415e-01
9.907039174878048415e-01
9.907039174878048415e-01
9.907039174878048415e-01
9.907039174878048415e-01
9.907039174878048415e-01
9.907039174878048415e-01
9.907039174878048415e-01
9.907039174878048415e-01
9.907039174878048415e-01
9.907039174878048415e-01
9.907039174878048415e-01
9.907039174878048415e-01
9.907039174878048415e-01
9.907039174878048415e-01
9.907039174878048415e-01
9.907039174878048415e-01
9.907039174878048415e-01
9.907039174878048415e-01
9.907039174878048415e-01
9.907039174878048415e-01
9.907039174878048415e-01
9.907039174878048415e-01
9.907039174878048415e-01
9.907039174878048415e-01
9.907039174878048415e-01
9.907039174878048415e-01
9.907039174878048415e-01
9.907039174878048415e-01
9.907039174878048415e-01
9.907039174878048415e-01
9.907039174878048415e-01
9.907039174878048415e-01
9.907039174878048415e-01
9.907039174878048415e-01
9.907039174878048415e-01
9.907039174878048415e-01
9.968089890407654252e-01
9.968089890407654252e-01
9.968089890407654252e-01
9.968089890407654252e-01
9.968089890407654252e-01
9.968089890407654252e-01
9.968089890407654252e-01
9.968089890407654252e-01
9.968089890407654252e-01
9.968089890407654252e-01
9.968089890407654252e-01
9.968089890407654252e-01
9.968089890407654252e-01
9.968089890407654252e-01
9.968089890407654252e-01
9.968089890407654252e-01
9.968089890407654252e-01
9.968089890407654252e-01
9.968089890407654252e-01
9.968089890407654252e-01
9.968089890407654252e-01
9.968089890407654252e-01
9.968089890407654252e-01
9.968089890407654252e-01
9.968089890407654252e-01
9.968089890407654252e-01
9.968089890407654252e-01
9.968089890407654252e-01
9.968089890407654252e-01
9.968089890407654252e-01
9.968089890407654252e-01
9.968089890407654252e-01
9.968089890407654252e-01
9.968089890407654252e-01
9.968089890407654252e-01
9.968089890407654252e-01
9.968089890407654252e-01
9.968089890407654252e-01
9.968089890407654252e-01
9.968089890407654252e-01
9.968089890407654252e-01
9.968089890407654252e-01
9.968089890407654252e-01
9.968089890407654252e-01
9.992413439924719976e-01
9.992413439924719976e-01
9.992413439924719976e-01
9.992413439924719976e-01
9.992413439924719976e-01
9.992413439924719976e-01
9.992413439924719976e-01
9.992413439924719976e-01
9.992413439924719976e-01
9.992413439924719976e-01
9.992413439924719976e-01
9.992413439924719976e-01
9.992413439924719976e-01
9.992413439924719976e-01
9.992413439924719976e-01
9.992413439924719976e-01
9.992413439924719976e-01
9.992413439924719976e-01
9.992413439924719976e-01
9.992413439924719976e-01
9.992413439924719976e-01
9.992413439924719976e-01
9.992413439924719976e-01
9.992413439924719976e-01
9.992413439924719976e-01
9.992413439924719976e-01
9.992413439924719976e-01
9.992413439924719976e-01
9.992413439924719976e-01
9.992413439924719976e-01
9.992413439924719976e-01
9.992413439924719976e-01
9.992413439924719976e-01
9.992413439924719976e-01
9.992413439924719976e-01
9.992413439924719976e-01
9.992413439924719976e-01
9.992413439924719976e-01
9.992413439924719976e-01
9.992413439924719976e-01
9.992413439924719976e-01
9.992413439924719976e-01
9.992413439924719976e-01
9.992413439924719976e-01
