-3.979353315051525566e-05
-2.599154105092375128e-02
-4.431802810299683565e-02
-5.636852258587510267e-02
-6.302628742929490546e-02
-6.518052168303301031e-02
-6.357017000533346507e-02
-5.890427703111427576e-02
-5.163419025151286951e-02
-4.199492374110851134e-02
-3.055533126217393342e-02
-1.815893309634501740e-02
-3.911193964504344756e-03
1.073534912626864998e-02
2.631328356458834464e-02
4.249232130364642007e-02
5.902657285230075018e-02
7.585198162933232124e-02
9.299283848131408015e-02
1.096080997872107832e-01
1.271373978715210351e-01
1.442619828117719938e-01
1.606173992484644930e-01
1.782891088427254744e-01
1.949832116003472615e-01
2.097512600116648307e-01
2.274348865558964428e-01
2.442480038207801019e-01
2.598178985128559160e-01
2.749967426382900482e-01
2.882365151789821889e-01
3.035772779941053878e-01
3.204056215835131005e-01
3.347670481873242787e-01
3.491284747911355124e-01
3.581745892230613348e-01
3.771251301373702569e-01
3.895445743651888559e-01
4.019640185930075105e-01
4.143834628208260540e-01
4.268029070486446530e-01
4.392223512764633075e-01
4.519687286762048006e-01
4.626446948376311541e-01
4.733206609990575631e-01
4.839966271604839720e-01
4.946725933219104920e-01
5.053485594833367900e-01
5.160245256447633100e-01
5.267004918061898300e-01
5.241632135352460864e-01
5.489394028115607282e-01
5.564017861308174773e-01
5.638641694500738932e-01
5.690699892228860968e-01
5.779674790468560808e-01
5.868649688708259538e-01
5.957624586947960488e-01
6.046599485187660328e-01
6.135574383427359058e-01
6.224549281667061118e-01
6.313524179906757627e-01
6.361888721429571625e-01
6.420721826698445600e-01
6.479554931967316245e-01
6.538388037236190220e-01
6.574004799929317189e-01
6.646092563544439002e-01
6.718180327159563037e-01
6.790268090774683740e-01
6.862355854389806664e-01
6.934443618004929588e-01
7.006531381620049181e-01
7.078619145235173216e-01
7.150706908850296140e-01
7.222794672465417953e-01
7.294882436080540877e-01
7.366970199695662691e-01
7.292767661729161466e-01
7.327782220188372442e-01
7.362796778647582308e-01
7.397811337106793284e-01
7.432825895566005370e-01
7.467840454025217456e-01
7.502855012484429542e-01
7.537869570943640518e-01
7.802608319646401336e-01
7.834263875810404398e-01
7.865919431974407461e-01
7.897574988138411634e-01
7.929230544302414696e-01
7.960886100466418869e-01
7.992541656630421931e-01
8.024197212794426104e-01
8.055852768958429166e-01
8.087508325122433339e-01
8.119163881286436402e-01
8.150819437450440574e-01
8.182474993614443637e-01
8.214130549778447810e-01
8.245786105942450872e-01
8.277441662106455045e-01
8.309097218270456997e-01
8.340752774434460060e-01
8.372408330598463122e-01
8.404063886762467295e-01
8.435719442926470357e-01
8.467374999090474530e-01
8.499030555254477592e-01
8.530686111418481765e-01
8.562341667582484828e-01
8.593997223746487890e-01
8.625652779910492063e-01
8.657308336074495125e-01
8.688963892238497078e-01
8.574330702204815413e-01
8.593951788446848594e-01
8.613572874688882886e-01
8.633193960930918287e-01
8.652815047172952578e-01
8.672436133414987980e-01
8.692057219657021161e-01
8.891335352236958700e-01
8.908037721552702903e-01
8.924740090868445996e-01
8.941442460184186869e-01
8.958144829499931072e-01
8.974847198815673055e-01
8.991549568131415038e-01
9.008251937447159241e-01
9.024954306762902334e-01
9.041656676078643207e-01
9.058359045394387410e-01
9.075061414710130503e-01
9.091763784025872486e-01
9.108466153341615579e-01
9.125168522657357562e-01
9.141870891973100655e-01
9.158573261288843748e-01
9.175275630604585730e-01
9.191977999920328823e-01
9.208680369236071916e-01
9.225382738551815009e-01
9.242085107867556992e-01
9.258787477183300085e-01
9.275489846499042068e-01
9.292192215814784051e-01
9.308894585130528254e-01
9.325596954446270237e-01
9.342299323762015550e-01
9.359001693077757533e-01
9.375704062393499516e-01
9.392406431709240389e-01
9.271300062101147654e-01
9.282199038173594152e-01
9.293098014246042871e-01
9.303996990318487148e-01
9.314895966390934756e-01
9.422771863204060239e-01
9.432277509389939141e-01
9.441783155575819153e-01
9.451288801761699165e-01
9.460794447947576957e-01
9.470300094133456970e-01
9.479805740319336982e-01
9.489311386505214774e-01
9.498817032691093676e-01
9.508322678876973688e-01
9.517828325062851480e-01
9.527333971248732603e-01
9.536839617434611505e-01
9.546345263620490407e-01
9.555850909806370419e-01
9.565356555992249321e-01
9.574862202178127113e-01
9.584367848364008236e-01
9.593873494549888248e-01
9.603379140735766040e-01
9.612884786921644942e-01
9.622390433107524954e-01
9.631896079293402746e-01
9.641401725479283868e-01
9.650907371665160550e-01
9.660413017851040562e-01
9.669918664036920575e-01
9.679424310222800587e-01
9.688929956408679489e-01
9.698435602594558391e-01
9.707941248780436183e-01
9.717446894966316195e-01
9.661873628967578842e-01
9.667619270588937441e-01
9.673364912210294930e-01
9.679110553831654640e-01
9.684856195453013239e-01
9.690601837074369618e-01
9.696347478695727107e-01
9.702093120317085706e-01
9.707838761938444305e-01
9.713584403559800684e-01
9.719330045181159283e-01
9.725075686802516772e-01
9.796534601790222174e-01
9.798920815095415460e-01
9.801307028400607635e-01
9.803693241705799810e-01
9.806079455010991985e-01
9.808465668316186381e-01
9.810851881621379666e-01
9.813238094926570732e-01
9.815624308231762907e-01
9.818010521536955082e-01
9.820396734842147257e-01
9.822782948147340543e-01
9.825169161452532718e-01
9.827555374757726003e-01
9.829941588062919289e-01
9.832327801368110354e-01
9.834714014673302529e-01
9.837100227978493594e-01
9.839486441283686879e-01
9.841872654588880165e-01
9.844258867894073450e-01
9.846645081199264515e-01
9.849031294504458911e-01
9.851417507809651086e-01
9.853803721114842151e-01
9.856189934420035437e-01
9.858576147725228722e-01
9.860962361030419787e-01
9.863348574335613073e-01
9.865734787640804138e-01
9.868121000945997423e-01
9.870507214251190709e-01
9.872893427556381774e-01
9.875279640861575059e-01
9.877665854166768344e-01
9.880052067471961630e-01
9.869001655646361115e-01
9.872182231940351826e-01
9.875362808234342538e-01
9.878543384528334359e-01
9.881723960822325070e-01
9.884904537116314671e-01
9.888085113410305382e-01
9.891265689704296094e-01
9.924542470302329944e-01
9.925577523253994450e-01
9.926612576205660066e-01
9.927647629157326792e-01
9.928682682108991298e-01
9.929717735060655803e-01
9.930752788012322529e-01
9.931787840963987035e-01
9.932822893915652651e-01
9.933857946867319377e-01
9.934892999818983883e-01
9.935928052770649499e-01
9.936963105722314005e-01
9.937998158673979621e-01
9.939033211625647457e-01
9.940068264577309742e-01
9.941103317528976469e-01
9.942138370480642084e-01
9.943173423432306590e-01
9.944208476383972206e-01
9.945243529335636712e-01
9.946278582287302328e-01
9.947313635238969054e-01
9.948348688190634670e-01
9.949383741142300286e-01
9.950418794093964792e-01
9.951453847045630408e-01
9.952488899997297134e-01
9.953523952948961639e-01
9.954559005900627255e-01
9.955594058852290651e-01
9.956629111803957377e-01
9.957664164755621883e-01
9.958699217707287499e-01
9.959734270658954225e-01
9.960769323610618731e-01
9.961804376562284347e-01
9.962839429513948852e-01
9.965624892885114328e-01
9.967080989519481182e-01
9.968537086153850257e-01
9.975915711165913580e-01
9.965755016937639654e-01
9.966505985578905102e-01
9.967256954220167220e-01
9.968007922861430448e-01
9.968758891502694786e-01
9.969509860143960234e-01
9.970260828785223461e-01
9.971011797426485579e-01
9.971762766067751027e-01
9.972513734709015365e-01
9.973264703350277482e-01
9.974015671991542931e-01
9.974766640632806158e-01
9.975517609274071607e-01
9.976268577915333724e-01
9.977019546556598062e-01
9.977770515197861290e-01
9.978521483839125628e-01
9.979272452480388855e-01
9.980023421121654303e-01
9.980774389762919752e-01
9.981525358404181869e-01
9.982276327045443987e-01
9.983027295686708324e-01
9.983778264327974883e-01
9.984529232969237000e-01
9.985280201610502449e-01
9.986031170251764566e-01
9.986782138893030014e-01
9.987533107534293242e-01
9.988284076175557580e-01
9.989035044816820808e-01
9.989786013458085145e-01
9.990536982099348373e-01
9.991287950740612711e-01
9.992038919381875939e-01
9.992789888023140277e-01
9.993540856664403504e-01
9.994291825305665622e-01
9.995042793946932180e-01
9.995793762588195408e-01
9.996544731229458636e-01
9.994814359341078758e-01
9.994731074662210890e-01
9.994647789983338582e-01
9.994564505304468494e-01
9.994481220625598406e-01
9.994397935946727207e-01
9.994314651267856009e-01
9.994231366588987031e-01
9.994314564059783024e-01
9.994522179275577844e-01
9.994729794491369335e-01
9.994937409707160825e-01
9.995145024922954535e-01
9.995352640138747136e-01
9.995560255354540846e-01
9.995767870570333447e-01
9.995975485786126047e-01
9.996183101001918647e-01
9.996390716217712358e-01
9.996598331433503848e-01
9.996805946649297558e-01
9.997013561865089049e-01
9.997221177080883869e-01
9.997428792296676470e-01
9.997636407512469070e-01
9.997844022728260560e-01
9.998051637944053160e-01
9.998259253159846871e-01
9.998466868375638361e-01
9.998674483591432072e-01
9.998882098807224672e-01
9.999089714023018383e-01
9.998513197324698787e-01
9.998559190031716115e-01
9.998605182738735664e-01
9.998651175445755213e-01
9.998697168152773651e-01
9.998743160859793200e-01
9.998789153566813859e-01
9.998835146273832297e-01
9.998881138980852956e-01
9.998927131687870284e-01
9.998973124394890943e-01
9.999019117101909382e-01
9.999065109808930041e-01
9.999111102515947369e-01
9.999157095222965808e-01
9.999203087929986467e-01
9.999249080637007125e-01
9.999295073344024454e-01
9.999341066051044002e-01
9.999387058758063551e-01
9.999433051465080879e-01
9.999479044172101538e-01
9.999525036879119977e-01
9.999571029586140636e-01
9.999617022293159074e-01
9.999663015000177513e-01
9.999709007707198172e-01
9.999755000414217720e-01
9.999800993121235049e-01
9.999846985828254597e-01
9.999892978535275256e-01
9.999938971242292585e-01
9.999984963949313244e-01
1.000003095665633168e+00
1.000007694936335234e+00
1.000157306621676234e+00
1.000177244219495609e+00
1.000197181817314984e+00
