8.583230921996113372e-01
8.740534048217050156e-01
8.897837174437989161e-01
9.055140300658928165e-01
9.212443426879868280e-01
9.369746553100807285e-01
9.527049679321745179e-01
9.684352805542684184e-01
9.841655931763623189e-01
9.998959057984559973e-01
1.015626218420550009e+00
1.031356531042643798e+00
1.047086843664737810e+00
1.062817156286831599e+00
1.078547468908925611e+00
1.094277781531019400e+00
1.110008094153113190e+00
1.125738406775206979e+00
1.141468719397300990e+00
1.157199032019394780e+00
1.172929344641488791e+00
1.188659657263582581e+00
1.199825397528214932e+00
1.211786465846578675e+00
1.223747534164942197e+00
1.235708602483305718e+00
1.247669670801669239e+00
1.259630739120032761e+00
1.271591807438396282e+00
1.283552875756759803e+00
1.295513944075123547e+00
1.307475012393487068e+00
1.319436080711850590e+00
1.331397149030214555e+00
1.343358217348578076e+00
1.355319285666941598e+00
1.367280353985304675e+00
1.378340616960765486e+00
1.389945255078378850e+00
1.401549893195991547e+00
1.413154531313604245e+00
1.424759169431217165e+00
1.436363807548829863e+00
1.447968445666442561e+00
1.459573083784055481e+00
1.471177721901668178e+00
1.482782360019280876e+00
1.494386998136894018e+00
1.506787150819810961e+00
1.519601685868987806e+00
1.532416220918163763e+00
1.545230755967340164e+00
1.558045291016516565e+00
1.570859826065692966e+00
1.583674361114869145e+00
1.596488896164045768e+00
1.609303431213222169e+00
1.624099627466772056e+00
1.638970892410746671e+00
1.653842157354721509e+00
1.668713422298696569e+00
1.683584687242671185e+00
1.698455952186646023e+00
1.713327217130620639e+00
1.730981493731213128e+00
1.748470585504168451e+00
1.765959677277123552e+00
1.783448769050078875e+00
1.800937860823034198e+00
1.819602563002689521e+00
1.840116958610748643e+00
1.860631354218807321e+00
1.881145749826866220e+00
1.901660145434925342e+00
1.924293504996872350e+00
1.948222061175014064e+00
1.972150617353155999e+00
1.996079173531298157e+00
2.021900367691241929e+00
2.049560133097982906e+00
2.077219898504724327e+00
2.104879663911465304e+00
2.136182975708243781e+00
2.167914098744041951e+00
2.199645221779840565e+00
2.234375956891830661e+00
2.270496628912359593e+00
2.306617300932888970e+00
2.346484941781318057e+00
2.387232000935679554e+00
2.429129299949910781e+00
2.474829210157586168e+00
2.520529120365261555e+00
2.570840628385718585e+00
2.621652896740996663e+00
2.676721097311097530e+00
2.732994451373050193e+00
2.793882770940832039e+00
2.855907745491040650e+00
2.923668718533340982e+00
2.993433424599714066e+00
3.067700752947463361e+00
3.146329957803567723e+00
3.228600581570703287e+00
3.315976703456927410e+00
3.409594472793864295e+00
3.507738046087208961e+00
3.611722105334368660e+00
3.722232380696928189e+00
3.838459775694265996e+00
3.408096891519346361e+00
3.314545506302982059e+00
3.225174362014460172e+00
3.140669479617706816e+00
3.060205556787303660e+00
2.983456143019255435e+00
2.911537698955110276e+00
2.843194643690036827e+00
2.777343731467003529e+00
2.715804177101981409e+00
2.656902952426675402e+00
2.600349689526584296e+00
2.547404491017171146e+00
2.495664962908126228e+00
2.447833578911022823e+00
2.400692501079868979e+00
2.357084458698740281e+00
2.314384211887904996e+00
2.274096408613326403e+00
2.235645308985099167e+00
2.197717818100900278e+00
2.163333722509418688e+00
2.128949626917936655e+00
2.096255566906678247e+00
2.065755517909369843e+00
2.035255468912061438e+00
2.006381870060414130e+00
1.979708199868034812e+00
1.953034529675655717e+00
1.926360859483276178e+00
1.903010132564196377e+00
1.879926851769247120e+00
1.856843570974296975e+00
1.833788972812591123e+00
1.814050695262737767e+00
1.794312417712885521e+00
1.774574140163032832e+00
1.754835862613180364e+00
1.736939459852181900e+00
1.720287025359959587e+00
1.703634590867737497e+00
1.686982156375515185e+00
1.670329721883292873e+00
1.654732065765240234e+00
1.641111108625303849e+00
1.627490151485367242e+00
1.613869194345431302e+00
1.600248237205494473e+00
1.586627280065558310e+00
1.572559334399680431e+00
1.561590435048657799e+00
1.550621535697635167e+00
1.539652636346612757e+00
1.528683736995589681e+00
1.517714837644567716e+00
1.506745938293544862e+00
1.495777038942522452e+00
1.486241976185346481e+00
1.477590423825021704e+00
1.468938871464697149e+00
1.460287319104372372e+00
1.451635766744047595e+00
1.442984214383723041e+00
1.434332662023398708e+00
1.425681109663073931e+00
1.417029557302749154e+00
1.408378004942424599e+00
1.401730869200366714e+00
1.395381332763708127e+00
1.389031796327049761e+00
1.382682259890391174e+00
1.376332723453732143e+00
1.369983187017073334e+00
1.363633650580415191e+00
1.357284114143756382e+00
1.350934577707098017e+00
1.344585041270438985e+00
1.338235504833780620e+00
1.331885968397121811e+00
1.325536431960463002e+00
1.319186895523804193e+00
1.314780324748345164e+00
1.310392914644579632e+00
1.306005504540814099e+00
1.301618094437049233e+00
1.297230684333283701e+00
1.292843274229518391e+00
1.288455864125753081e+00
1.284068454021987549e+00
1.279681043918222239e+00
1.275293633814457150e+00
1.270906223710691618e+00
1.266518813606926530e+00
1.262131403503160998e+00
1.257743993399395688e+00
1.253356583295630156e+00
1.248969173191865067e+00
1.244581763088099535e+00
1.240194352984334447e+00
1.235806942880568915e+00
1.233433480498947965e+00
1.230455419689163721e+00
1.227477358879380143e+00
1.224499298069596120e+00
1.221521237259811876e+00
1.218543176450028076e+00
1.215565115640244054e+00
1.212587054830460032e+00
1.209608994020676009e+00
1.206630933210892653e+00
1.203652872401108631e+00
1.200674811591324609e+00
1.197696750781540587e+00
1.194718689971756342e+00
1.191740629161972542e+00
1.188762568352188520e+00
1.185784507542404498e+00
1.182806446732620698e+00
1.179828385922836675e+00
1.176850325113052653e+00
1.173872264303268631e+00
1.170894203493484831e+00
1.167916142683700809e+00
1.164938081873916786e+00
1.161960021064132986e+00
1.158981960254348964e+00
1.157256163591142029e+00
1.155209125208070287e+00
1.153162086824998545e+00
1.151115048441926803e+00
1.149068010058855061e+00
1.147020971675783096e+00
1.144973933292711576e+00
1.142926894909639834e+00
1.140879856526567870e+00
1.138832818143495906e+00
1.136785779760424164e+00
1.134738741377352422e+00
1.132691702994280902e+00
1.130644664611208938e+00
1.128597626228137196e+00
1.126550587845065232e+00
1.124503549461993712e+00
1.122456511078921748e+00
1.120409472695850228e+00
1.118362434312778042e+00
1.116315395929706300e+00
1.114268357546634558e+00
1.112221319163562816e+00
1.110174280780490852e+00
1.108127242397419110e+00
1.106080204014347368e+00
1.104033165631275626e+00
1.101986127248203884e+00
1.099939088865132142e+00
1.097892050482060400e+00
1.095845012098988436e+00
1.093797973715916916e+00
1.091750935332844952e+00
1.089703896949773210e+00
1.087656858566701246e+00
1.085609820183629504e+00
1.083562781800557762e+00
1.081515743417486020e+00
1.082638891914202484e+00
1.080992267643528626e+00
1.079345643372854324e+00
1.077699019102180467e+00
1.076052394831506387e+00
1.074405770560832307e+00
1.072759146290158228e+00
1.071112522019484370e+00
1.069465897748810290e+00
1.067819273478135988e+00
1.066172649207461909e+00
1.064526024936787829e+00
1.062879400666113749e+00
1.061232776395439448e+00
1.059586152124765590e+00
1.057939527854091510e+00
1.056292903583417431e+00
1.054646279312743351e+00
1.052999655042069049e+00
1.051353030771395192e+00
1.049706406500721112e+00
1.048059782230047032e+00
1.046413157959372953e+00
1.044766533688698651e+00
1.043119909418024793e+00
1.041473285147350714e+00
1.039826660876676634e+00
1.038180036606002554e+00
1.036533412335328252e+00
1.034886788064654395e+00
1.033240163793980315e+00
1.031593539523306235e+00
1.029946915252631934e+00
1.028300290981958076e+00
1.026653666711283996e+00
1.025007042440609917e+00
1.023360418169935837e+00
1.021713793899261757e+00
1.020067169628587900e+00
1.018420545357913598e+00
1.016773921087239518e+00
1.015127296816565439e+00
1.013480672545891359e+00
1.011834048275217057e+00
1.010187424004543200e+00
1.008540799733869120e+00
1.006894175463195040e+00
1.005247551192520961e+00
1.003600926921846881e+00
1.001954302651172801e+00
1.000307678380498722e+00
9.986610541098246419e-01
1.000547555774526254e+00
9.982561265084329838e-01
9.959646972423393807e-01
9.936732679762458886e-01
9.913818387101526186e-01
9.890904094440592376e-01
9.867989801779656345e-01
9.845075509118722534e-01
9.822161216457788724e-01
9.799246923796852693e-01
9.776332631135919993e-01
9.753418338474986182e-01
9.730504045814051262e-01
9.707589753153117451e-01
9.684675460492181420e-01
9.661761167831248720e-01
9.638846875170314910e-01
9.615932582509379989e-01
9.593018289848443958e-01
9.570103997187509037e-01
9.547189704526577447e-01
9.524275411865641416e-01
9.501361119204707606e-01
9.478446826543773795e-01
9.455532533882841095e-01
9.432618241221903954e-01
9.409703948560971254e-01
9.386789655900037443e-01
9.363875363239104743e-01
9.340961070578168712e-01
9.318046777917232681e-01
9.295132485256299981e-01
9.272218192595363950e-01
9.249303899934430140e-01
9.226389607273496329e-01
9.203475314612563629e-01
9.180561021951628708e-01
9.157646729290691567e-01
9.134732436629758867e-01
9.111818143968826167e-01
9.088903851307890136e-01
9.065989558646955215e-01
9.043075265986022515e-01
9.020160973325088705e-01
8.997246680664152674e-01
8.974332388003217753e-01
8.951418095342285053e-01
8.928503802681351242e-01
8.905589510020417432e-01
8.882675217359481401e-01
8.859760924698547591e-01
8.836846632037611560e-01
8.813932339376676639e-01
8.791018046715745049e-01
8.768103754054810128e-01
8.745189461393876318e-01
8.722275168732940287e-01
8.699360876072007587e-01
8.676446583411073776e-01
8.653532290750138856e-01
8.630617998089203935e-01
8.607703705428269014e-01
8.584789412767337424e-01
8.561875120106401393e-01
8.538960827445465362e-01
8.516046534784533772e-01
8.493132242123598852e-01
8.470217949462666152e-01
8.447303656801730121e-01
8.424389364140795200e-01
8.401475071479861390e-01
8.378560778818927579e-01
8.355646486157991548e-01
8.332732193497058848e-01
