-7.839447113508268145e-03
-2.253234254469035913e-02
-3.722523797587244665e-02
-5.191813340705453417e-02
-6.661102883823662169e-02
-8.130392426941879247e-02
-6.795901516802135833e-02
-5.534452240513404453e-02
-4.273002964224684175e-02
-3.011553687935952101e-02
-1.750104411647233210e-02
-4.886551353584994879e-03
-1.825819653386105343e-02
1.291371725105596238e-02
3.015811487948965100e-02
4.740251250792348187e-02
6.464691013635714967e-02
8.189130776479099094e-02
9.913570539322465180e-02
1.163801030216584792e-01
1.336245006500921539e-01
1.508688982785259813e-01
1.763007227428906865e-01
1.905177122043956450e-01
2.047347016659003538e-01
2.189516911274052291e-01
2.331686805889101322e-01
2.473856700504148409e-01
2.616026595119195775e-01
2.758196489734243695e-01
2.900366384349292725e-01
3.042536278964340646e-01
3.184706173579388011e-01
3.326876068194437042e-01
3.350867900118177922e-01
3.723579060278718877e-01
3.823188043819066295e-01
3.857629076834412363e-01
3.986281993824100645e-01
4.114934910813787816e-01
4.243587827803475543e-01
4.372240744793163825e-01
4.500893661782851551e-01
4.629546578772539833e-01
4.758199495762227560e-01
4.886852412751914732e-01
5.015505329741603013e-01
5.144158246731290740e-01
5.272811163720978467e-01
5.401464080710666193e-01
5.530116997700355030e-01
5.323196187146758129e-01
5.395506794530302574e-01
5.467817401913842579e-01
5.540128009297387024e-01
5.612438616680928138e-01
5.965855928129450980e-01
6.033888499959402241e-01
6.101921071789350171e-01
6.169953643619299211e-01
6.237986215449248251e-01
6.306018787279196181e-01
6.374051359109146331e-01
6.442083930939094261e-01
6.510116502769043301e-01
6.578149074598993451e-01
6.646181646428941381e-01
6.714214218258890421e-01
6.782246790088841681e-01
6.850279361918788501e-01
6.918311933748738651e-01
6.986344505578687691e-01
7.054377077408633401e-01
7.122409649238583551e-01
7.190442221068532591e-01
7.258474792898481631e-01
7.326507364728431781e-01
7.128501837266482122e-01
7.174884456451164905e-01
7.221267075635847688e-01
7.267649694820529360e-01
7.314032314005212143e-01
7.360414933189893816e-01
7.728351068488825693e-01
7.757116324042163669e-01
7.785881579595501645e-01
7.814646835148839621e-01
7.843412090702179817e-01
7.872177346255516683e-01
7.900942601808854659e-01
7.929707857362192636e-01
7.958473112915531722e-01
7.987238368468869698e-01
8.016003624022207674e-01
8.044768879575545650e-01
8.073534135128882516e-01
8.102299390682223823e-01
8.131064646235560689e-01
8.159829901788898665e-01
8.188595157342237751e-01
8.217360412895574617e-01
8.246125668448913704e-01
8.274890924002251680e-01
8.300183271919493455e-01
8.340196523029650422e-01
8.380209774139807388e-01
8.420223025249965465e-01
8.460236276360124652e-01
8.500249527470282729e-01
8.540262778580439695e-01
8.580276029690597772e-01
8.620289280800758069e-01
8.660302531910913926e-01
8.700315783021073113e-01
8.706130487678045426e-01
8.718855870065597147e-01
8.731581252453149977e-01
8.744306634840703918e-01
8.757032017228256748e-01
8.769757399615808469e-01
8.782482782003362409e-01
8.784157680297074444e-01
8.806810276633750822e-01
8.829462872970426091e-01
8.852115469307100248e-01
8.874768065643775516e-01
8.897420661980449674e-01
8.920073258317123832e-01
8.942725854653799100e-01
8.965378450990474368e-01
8.988031047327147416e-01
9.010683643663821574e-01
9.033336240000496842e-01
9.055988836337172110e-01
9.078641432673846268e-01
9.101294029010520426e-01
9.123946625347195694e-01
9.146599221683870962e-01
9.169251818020544009e-01
9.191904414357218167e-01
9.214557010693893435e-01
9.237209607030567593e-01
9.259862203367242861e-01
9.282514799703917019e-01
9.305167396040592287e-01
9.267712944648576201e-01
9.277165444795856253e-01
9.286617944943135194e-01
9.296070445090416356e-01
9.305522945237698629e-01
9.314975445384978681e-01
9.324427945532259843e-01
9.333880445679539894e-01
9.343332945826821057e-01
9.352785445974102219e-01
9.362237946121383381e-01
9.371690446268663433e-01
9.381142946415944595e-01
9.390595446563224646e-01
9.400047946710506919e-01
9.409500446857785860e-01
9.418952947005068133e-01
9.491470754954203226e-01
9.497890302111337002e-01
9.504309849268472998e-01
9.510729396425606774e-01
9.517148943582742771e-01
9.523568490739878767e-01
9.529988037897013653e-01
9.536407585054148539e-01
9.542827132211284535e-01
9.549246679368418311e-01
9.555666226525555418e-01
9.562085773682690304e-01
9.568505320839826300e-01
9.574924867996961186e-01
9.581344415154094962e-01
9.587763962311232069e-01
9.594183509468365845e-01
9.600603056625500731e-01
9.607022603782635617e-01
9.613442150939771613e-01
9.619861698096907610e-01
9.626281245254043606e-01
9.632700792411176272e-01
9.639120339568313378e-01
9.645539886725448264e-01
9.654938826400951690e-01
9.662976058563473858e-01
9.671013290725996026e-01
9.679050522888518193e-01
9.687087755051040361e-01
9.695124987213562529e-01
9.703162219376084696e-01
9.711199451538606864e-01
9.719236683701129031e-01
9.727273915863651199e-01
9.735311148026173367e-01
9.743348380188695534e-01
9.751385612351217702e-01
9.759422844513739870e-01
9.767460076676262037e-01
9.775497308838785315e-01
9.783534541001307483e-01
9.792395479587554519e-01
9.795062681092394641e-01
9.797729882597234763e-01
9.800397084102077105e-01
9.803064285606916117e-01
9.805731487111755129e-01
9.808398688616598582e-01
9.811065890121436484e-01
9.813733091626275495e-01
9.816400293131116728e-01
9.819067494635957960e-01
9.821734696140795862e-01
9.824401897645637094e-01
9.827069099150477216e-01
9.829736300655317338e-01
9.832403502160155240e-01
9.835070703664996472e-01
9.837737905169835484e-01
9.840405106674676716e-01
9.843072308179517949e-01
9.845739509684355850e-01
9.848406711189197082e-01
9.851073912694036094e-01
9.853741114198877327e-01
9.856408315703716339e-01
9.859075517208556461e-01
9.861742718713397693e-01
9.864409920218236705e-01
9.875021732893485282e-01
9.877265744643443091e-01
9.879509756393400899e-01
9.881753768143356487e-01
9.883997779893316515e-01
9.886241791643274324e-01
9.888485803393232132e-01
9.890729815143189940e-01
9.892973826893147749e-01
9.895217838643105557e-01
9.897461850393063365e-01
9.899705862143021173e-01
9.901949873892978982e-01
9.904193885642936790e-01
9.906437897392894598e-01
9.908681909142852406e-01
9.932318874987512425e-01
9.932717120643942410e-01
9.933115366300369065e-01
9.933513611956796829e-01
9.933911857613225704e-01
9.934310103269652359e-01
9.934708348926081234e-01
9.935106594582507888e-01
9.935504840238935653e-01
9.935903085895365638e-01
9.936301331551791183e-01
9.936699577208221168e-01
9.937097822864646712e-01
9.937496068521075587e-01
9.937894314177503352e-01
9.938292559833931117e-01
9.931395256653416936e-01
9.933304155484192766e-01
9.935213054314969705e-01
9.937121953145747755e-01
9.939030851976524694e-01
9.940939750807301634e-01
9.942848649638078573e-01
9.944757548468855513e-01
9.946666447299632452e-01
9.948575346130409391e-01
9.950484244961185221e-01
9.952393143791965491e-01
9.954302042622740210e-01
9.956210941453519370e-01
9.958119840284294089e-01
9.960028739115071028e-01
9.961937637945847968e-01
9.963846536776624907e-01
9.965755435607401846e-01
9.967664334438178786e-01
9.969573233268955725e-01
9.971482132099732665e-01
9.973391030930511825e-01
9.975299929761286544e-01
9.977208828592065704e-01
9.979117727422842643e-01
9.981026626253616252e-01
9.982935525084396522e-01
9.984844423915173461e-01
9.972799917019548044e-01
9.973397226977266383e-01
9.973994536934985833e-01
9.974591846892705282e-01
9.975189156850422512e-01
9.975786466808141961e-01
9.976383776765859190e-01
9.976981086723579750e-01
9.977578396681296979e-01
9.978175706639015319e-01
9.978773016596734768e-01
9.979370326554454218e-01
9.979967636512171447e-01
9.980564946469890897e-01
9.981162256427609236e-01
9.981759566385326465e-01
9.982356876343045915e-01
9.988243044815653393e-01
9.988256849374049784e-01
9.988270653932446175e-01
9.988284458490842566e-01
9.988298263049238956e-01
9.988312067607636457e-01
9.988325872166032848e-01
9.988339676724430349e-01
9.988353481282826740e-01
9.988367285841223131e-01
9.988381090399619522e-01
9.988394894958017023e-01
9.988408699516413414e-01
9.988422504074809805e-01
9.988436308633206195e-01
9.988450113191604807e-01
9.988463917750001198e-01
9.988477722308397588e-01
9.988491526866793979e-01
9.988505331425191480e-01
9.988519135983586761e-01
9.988532940541984262e-01
9.988546745100381763e-01
9.988560549658778154e-01
9.990856367018674522e-01
9.991283669443640214e-01
9.991710971868605906e-01
9.992138274293572708e-01
9.992565576718538400e-01
9.992992879143502982e-01
9.993420181568470895e-01
9.993847483993435477e-01
9.994274786418402279e-01
9.994702088843367971e-01
9.995129391268333663e-01
9.995556693693300465e-01
9.995983996118268378e-01
9.996411298543234070e-01
9.996838600968199762e-01
9.997265903393165454e-01
9.997693205818131146e-01
9.998120508243096838e-01
9.998547810668062530e-01
9.998975113093029332e-01
9.999402415517995024e-01
9.998448880292543084e-01
9.998479391556227558e-01
9.998509902819914252e-01
9.998540414083597616e-01
9.998570925347284311e-01
9.998601436610968785e-01
9.998631947874653259e-01
9.998662459138338843e-01
9.998692970402023317e-01
9.998723481665707791e-01
9.998753992929394485e-01
9.998784504193078959e-01
9.998815015456763433e-01
9.998845526720447907e-01
9.998876037984131271e-01
9.998906549247821296e-01
9.998937060511503550e-01
9.998967571775188024e-01
9.998998083038873608e-01
9.999028594302558082e-01
9.999059105566243666e-01
9.999089616829928140e-01
9.999120128093613724e-01
9.999150639357298198e-01
9.999181150620983782e-01
9.999211661884668256e-01
9.999242173148353841e-01
9.999272684412038315e-01
9.999303195675723899e-01
9.999333706939408373e-01
9.999364218203093957e-01
9.999394729466778431e-01
9.999425240730464015e-01
9.999455751994148489e-01
9.999486263257834073e-01
9.999516774521517437e-01
9.999547285785204132e-01
9.999577797048888606e-01
9.999608308312574190e-01
9.999638819576258664e-01
9.999669330839944248e-01
9.999699842103628722e-01
1.000152172727767574e+00
1.000173090852226387e+00
1.000194008976685200e+00
