9.712735717452709583e-01
9.823710058830955605e-01
9.934684400209200517e-01
1.004565874158744654e+00
1.015663308296569367e+00
1.026760742434393858e+00
1.037858176572218349e+00
1.048955610710043063e+00
1.060053044847867776e+00
1.071150478985692267e+00
1.082247913123516758e+00
1.093345347261341471e+00
1.104442781399165963e+00
1.115540215536990454e+00
1.126637649674815167e+00
1.137735083812639880e+00
1.148832517950464371e+00
1.159929952088288863e+00
1.171027386226113576e+00
1.182124820363937845e+00
1.193222254501762780e+00
1.204319688639587271e+00
1.215417122777411763e+00
1.226514556915236476e+00
1.237611991053060967e+00
1.248709425190885458e+00
1.259806859328709949e+00
1.270904293466534885e+00
1.282001727604359376e+00
1.293099161742183867e+00
1.304196595880008580e+00
1.315294030017833071e+00
1.326391464155657784e+00
1.337488898293482276e+00
1.348586332431306767e+00
1.359683766569131258e+00
1.370781200706955749e+00
1.381878634844780462e+00
1.392976068982605398e+00
1.404073503120429889e+00
1.415170937258254380e+00
1.426268371396078871e+00
1.437365805533903584e+00
1.448463239671728076e+00
1.459560673809552789e+00
1.470658107947377280e+00
1.481755542085201771e+00
1.492852976223026484e+00
1.503950410360850976e+00
1.515047844498675911e+00
1.526145278636500402e+00
1.537242712774324893e+00
1.548340146912149384e+00
1.559437581049974098e+00
1.570535015187798589e+00
1.581632449325623080e+00
1.592729883463447793e+00
1.603827317601272284e+00
1.614924751739096775e+00
1.626022185876921489e+00
1.637119620014745980e+00
1.648217054152570915e+00
1.659314488290395406e+00
1.708823532500045150e+00
1.729948845666328117e+00
1.751074158832611083e+00
1.772199471998893605e+00
1.793324785165176793e+00
1.814450098331459316e+00
1.835575411497742282e+00
1.856700724664025026e+00
1.877826037830307992e+00
1.898951350996590737e+00
1.920076664162873481e+00
1.941201977329156669e+00
1.962327290495439636e+00
1.983452603661722158e+00
2.004577916828005346e+00
2.025703229994288090e+00
2.046828543160570835e+00
2.067953856326854023e+00
2.089079169493136767e+00
2.110204482659419956e+00
2.157018376907331447e+00
2.199748610965821971e+00
2.242478845024313383e+00
2.285209079082804351e+00
2.327939313141296207e+00
2.370669547199787619e+00
2.413399781258278587e+00
2.456130015316769555e+00
2.498860249375260967e+00
2.541590483433751935e+00
2.584320717492243791e+00
2.627050951550734315e+00
2.669781185609225727e+00
2.712511419667716694e+00
2.755241653726208551e+00
2.852072760797484730e+00
2.929402270025809774e+00
3.006731779254135706e+00
3.084061288482461194e+00
3.161390797710787126e+00
3.238720306939111282e+00
3.316049816167437214e+00
3.393379325395763146e+00
3.470708834624088635e+00
3.548038343852414567e+00
3.625367853080738723e+00
3.702697362309064655e+00
3.302817045824697928e+00
3.239947920431986095e+00
3.177078795039274262e+00
3.114209669646562428e+00
3.051340544253850151e+00
2.988471418861138762e+00
2.925602293468426485e+00
2.862733168075715096e+00
2.799864042683002818e+00
2.736994917290290541e+00
2.674125791897579152e+00
2.611256666504864654e+00
2.548387541112152377e+00
2.485518415719440544e+00
2.421905112464268761e+00
2.388854117507604347e+00
2.355803122550939932e+00
2.322752127594275073e+00
2.289701132637611103e+00
2.256650137680947132e+00
2.223599142724282718e+00
2.190548147767618303e+00
2.157497152810954333e+00
2.124446157854289474e+00
2.091395162897625060e+00
2.058344167940960645e+00
2.025293172984296231e+00
1.992242178027632260e+00
1.959191183070967845e+00
1.926140188114303653e+00
1.893089193157639238e+00
1.860038198200974602e+00
1.842128870315763445e+00
1.826397592350062604e+00
1.810666314384361542e+00
1.794935036418660257e+00
1.779203758452959194e+00
1.763472480487258132e+00
1.747741202521556847e+00
1.732009924555855562e+00
1.716278646590154944e+00
1.700547368624453659e+00
1.684816090658752818e+00
1.669084812693051756e+00
1.653353534727350249e+00
1.637622256761649409e+00
1.621890978795948346e+00
1.606159700830247505e+00
1.590428422864546221e+00
1.574697144898844936e+00
1.558965866933144095e+00
1.543234588967442145e+00
1.527503311001742192e+00
1.511772033036040019e+00
1.496040755070339623e+00
1.480309477104638116e+00
1.471835190801396687e+00
1.465711729281642617e+00
1.459588267761888769e+00
1.453464806242135143e+00
1.447341344722381073e+00
1.441217883202627448e+00
1.435094421682873600e+00
1.428970960163119752e+00
1.422847498643366126e+00
1.416724037123612279e+00
1.410600575603858653e+00
1.404477114084104583e+00
1.398353652564350735e+00
1.392230191044597110e+00
1.386106729524843262e+00
1.379983268005089414e+00
1.373859806485335344e+00
1.367736344965581496e+00
1.361612883445827871e+00
1.355489421926074245e+00
1.349365960406320397e+00
1.343242498886566549e+00
1.337119037366812480e+00
1.330995575847058854e+00
1.324872114327305006e+00
1.318748652807551380e+00
1.312625191287797533e+00
1.306501729768043685e+00
1.300378268248289615e+00
1.294254806728535989e+00
1.288131345208782363e+00
1.282007883689028738e+00
1.275884422169274668e+00
1.269760960649520820e+00
1.264427449725918251e+00
1.261474403539859956e+00
1.258521357353801884e+00
1.255568311167743367e+00
1.252615264981685295e+00
1.249662218795627000e+00
1.246709172609569150e+00
1.243756126423510855e+00
1.240803080237452560e+00
1.237850034051394488e+00
1.234896987865336415e+00
1.231943941679277899e+00
1.228990895493219826e+00
1.226037849307161531e+00
1.223084803121103237e+00
1.220131756935044942e+00
1.217178710748987092e+00
1.214225664562928575e+00
1.211272618376870280e+00
1.208319572190812430e+00
1.205366526004754135e+00
1.202413479818696063e+00
1.199460433632637546e+00
1.196507387446579473e+00
1.193554341260521179e+00
1.190601295074463106e+00
1.187648248888404812e+00
1.184695202702346739e+00
1.181742156516288444e+00
1.178789110330230150e+00
1.175836064144171855e+00
1.172883017958114005e+00
1.169929971772055710e+00
1.166976925585996971e+00
1.164023879399939121e+00
1.161070833213881048e+00
1.158117787027822532e+00
1.155164740841764237e+00
1.152211694655706387e+00
1.149258648469648092e+00
1.146305602283589797e+00
1.143352556097531503e+00
1.140399509911473430e+00
1.137446463725415358e+00
1.134493417539356841e+00
1.131540371353298546e+00
1.128587325167240696e+00
1.130798188978675123e+00
1.129068144221385017e+00
1.127338099464094245e+00
1.125608054706804362e+00
1.123878009949513812e+00
1.122147965192223484e+00
1.120417920434933157e+00
1.118687875677643051e+00
1.116957830920352723e+00
1.115227786163062174e+00
1.113497741405772068e+00
1.111767696648481740e+00
1.110037651891191191e+00
1.108307607133900863e+00
1.106577562376610757e+00
1.104847517619320429e+00
1.103117472862030102e+00
1.101387428104739774e+00
1.099657383347449446e+00
1.097927338590158897e+00
1.096197293832868569e+00
1.094467249075578463e+00
1.092737204318288136e+00
1.091007159560997586e+00
1.089277114803707480e+00
1.087547070046416930e+00
1.085817025289126825e+00
1.084086980531836719e+00
1.082356935774546169e+00
1.080626891017256064e+00
1.078896846259965736e+00
1.077166801502675408e+00
1.075436756745384859e+00
1.073706711988094531e+00
1.071976667230804425e+00
1.070246622473514098e+00
1.068516577716223548e+00
1.066786532958933442e+00
1.065056488201643337e+00
1.063326443444352787e+00
1.061596398687062459e+00
1.059866353929772131e+00
1.058136309172481804e+00
1.056406264415191254e+00
1.054676219657901370e+00
1.052946174900610821e+00
1.051216130143320493e+00
1.049486085386029943e+00
1.047756040628740060e+00
1.046025995871449732e+00
1.044295951114159404e+00
1.042565906356868854e+00
1.040835861599578749e+00
1.039105816842288421e+00
1.037375772084998093e+00
1.035645727327707544e+00
1.033915682570417438e+00
1.032185637813127110e+00
1.030455593055836783e+00
1.028725548298546455e+00
1.026995503541256127e+00
1.025265458783966022e+00
1.023535414026675694e+00
1.021805369269385144e+00
1.020075324512094816e+00
1.018575985921533755e+00
1.016626674090158389e+00
1.014677362258783022e+00
1.012728050427407878e+00
1.010778738596032511e+00
1.008829426764657144e+00
1.006880114933282000e+00
1.004930803101906633e+00
1.002981491270531489e+00
1.001032179439155900e+00
9.990828676077808668e-01
9.971335557764057222e-01
9.951842439450303557e-01
9.932349321136552112e-01
9.912856202822797336e-01
9.893363084509045891e-01
9.873869966195292225e-01
9.854376847881537449e-01
9.834883729567786004e-01
9.815390611254034559e-01
9.795897492940283113e-01
9.776404374626529448e-01
9.756911256312774672e-01
9.737418137999021006e-01
9.717925019685269561e-01
9.698431901371518116e-01
9.678938783057763340e-01
9.659445664744011895e-01
9.639952546430258229e-01
9.620459428116506784e-01
9.600966309802755339e-01
9.581473191488998342e-01
9.561980073175244677e-01
9.542486954861495452e-01
9.522993836547741786e-01
9.503500718233989231e-01
9.484007599920235565e-01
9.464514481606484120e-01
9.445021363292730454e-01
9.425528244978977899e-01
9.406035126665224233e-01
9.386542008351472788e-01
9.367048890037721343e-01
9.347555771723966567e-01
9.328062653410212901e-01
9.308569535096461456e-01
9.289076416782706680e-01
9.269583298468954125e-01
9.250090180155202679e-01
9.230597061841450124e-01
9.211103943527696458e-01
9.191610825213943903e-01
9.172117706900190237e-01
9.152624588586438792e-01
9.133131470272685126e-01
9.113638351958932571e-01
9.094145233645181126e-01
9.074652115331428570e-01
9.055158997017672684e-01
9.035665878703920129e-01
9.016172760390167573e-01
8.996679642076416128e-01
8.977186523762662462e-01
8.957693405448909907e-01
8.938200287135158462e-01
8.918707168821404796e-01
8.899214050507650020e-01
8.879720932193898575e-01
8.860227813880146019e-01
8.840734695566393464e-01
8.821241577252639798e-01
8.801748458938887243e-01
8.782255340625135798e-01
8.762762222311383242e-01
8.743269103997628466e-01
8.723775985683875911e-01
8.704282867370123355e-01
8.684789749056370800e-01
8.665296630742616024e-01
8.645803512428864579e-01
8.626310394115113134e-01
8.606817275801359468e-01
8.587324157487608023e-01
8.567831039173854357e-01
8.548337920860102912e-01
8.528844802546349246e-01
8.509351684232594470e-01
8.489858565918841915e-01
