-1.988768483538454229e-05
-2.578078629885795572e-02
-4.426560615443674712e-02
-5.642862061313459743e-02
-6.289154202458631382e-02
-6.524981104139723764e-02
-6.349867576858939100e-02
-5.892631126777259087e-02
-5.165776655465516981e-02
-4.191006504388657128e-02
-3.069491669396735498e-02
-1.790726619920058466e-02
-4.048262118269994013e-03
1.073954310818058151e-02
2.633214070508282587e-02
4.241896187974318611e-02
5.897196452645064174e-02
7.572486737301126203e-02
9.278772964362472231e-02
1.098055448050042904e-01
1.270139177030882305e-01
1.441458492465876040e-01
1.608477928348961694e-01
1.781717362809112637e-01
1.946159179304859377e-01
2.112762059830595451e-01
2.274677103523719546e-01
2.438191027804366695e-01
2.591915635708792465e-01
2.749863885141866637e-01
2.901266351053474746e-01
3.050733123133628211e-01
3.194919992584294710e-01
3.340195039787657860e-01
3.482051843111682032e-01
3.614730638796435636e-01
3.754768600650328358e-01
3.883626894198197177e-01
4.013943941180667663e-01
4.138544505386626549e-01
4.256586728371226092e-01
4.380962815996645721e-01
4.501192153932595530e-01
4.610279575040910349e-01
4.724368791180761917e-01
4.835056442324702219e-01
4.939014757702643310e-01
5.041828633587653874e-01
5.145595033235796922e-01
5.249361432883937750e-01
5.339390216230374131e-01
5.436187833986044771e-01
5.532399238565599564e-01
5.619752610366138823e-01
5.703794762251955808e-01
5.797649937122900665e-01
5.878893660736573823e-01
5.960137384350248091e-01
6.041208186478396192e-01
6.119424428729516308e-01
6.197640670980636424e-01
6.270424410729633635e-01
6.345184883448425905e-01
6.418682395898559490e-01
6.487848807638947335e-01
6.550951160463162060e-01
6.627657320649418260e-01
6.690143541744534295e-01
6.752629762839652550e-01
6.815115983934768584e-01
6.880512754874751336e-01
6.936314149331785917e-01
6.995822078816468226e-01
7.055330008301156086e-01
7.110552942719996494e-01
7.163393208506352305e-01
7.219023793324655935e-01
7.274654378142958455e-01
7.325249054679567884e-01
7.373183001245934287e-01
7.422876941249891836e-01
7.474165676347656051e-01
7.522612908483953253e-01
7.565743839567860007e-01
7.610594098123453222e-01
7.657306936329019154e-01
7.704019774534587306e-01
7.751532207091591520e-01
7.791049620121007768e-01
7.830567033150426237e-01
7.870084446179844706e-01
7.909601859209260954e-01
7.941466286902367777e-01
7.992584528446680103e-01
8.027626764976780738e-01
8.062669001506878041e-01
8.097711238036976455e-01
8.132753474567073759e-01
8.167795711097172173e-01
8.202837947627270587e-01
8.239692903491202536e-01
8.267674562209026412e-01
8.300185367564196781e-01
8.332696172919370481e-01
8.365206978274541960e-01
8.397717783629713439e-01
8.430228588984884919e-01
8.447276422238886306e-01
8.480661106186371256e-01
8.509169732528845120e-01
8.537678358871320095e-01
8.566186985213793958e-01
8.594695611556268933e-01
8.623204237898742797e-01
8.647099955714532271e-01
8.670130568859557574e-01
8.693161182004579546e-01
8.716191795149603738e-01
8.739222408294627931e-01
8.761272363086782811e-01
8.786481768783904744e-01
8.811691174481025568e-01
8.839646948943536975e-01
8.858995670907369169e-01
8.878344392871199142e-01
8.897693114835031336e-01
8.917041836798861310e-01
8.936390558762692393e-01
8.960087451155718252e-01
8.982055529661403526e-01
8.993258276040039245e-01
9.014441501199638163e-01
9.032987849065913233e-01
9.051534196932189413e-01
9.070080544798464484e-01
9.088626892664741774e-01
9.107173240531016845e-01
9.125719588397293025e-01
9.144265936263569206e-01
9.162529757388251372e-01
9.176548200529095478e-01
9.190566643669941804e-01
9.204585086810785910e-01
9.218603529951630016e-01
9.232621973092475232e-01
9.246640416233320448e-01
9.260658859374165663e-01
9.271678277323536221e-01
9.286136467088679236e-01
9.300594656853822251e-01
9.315052846618966376e-01
9.336542587335519006e-01
9.347747346443469052e-01
9.358952105551421319e-01
9.370156864659371365e-01
9.381361623767323632e-01
9.392566382875274789e-01
9.403771141983225945e-01
9.414975901091179322e-01
9.426180660199129369e-01
9.437385419307081635e-01
9.448590178415031682e-01
9.450205842574103121e-01
9.470910932623255452e-01
9.480856530265470150e-01
9.490802127907688179e-01
9.500747725549905098e-01
9.510693323192122017e-01
9.520638920834340047e-01
9.530584518476556966e-01
9.540530116118773885e-01
9.550475713760991914e-01
9.560421311403207723e-01
9.570366909045424642e-01
9.580312506687641561e-01
9.590258104329858480e-01
9.587110408918355642e-01
9.594822672478537928e-01
9.602534936038716884e-01
9.610247199598898060e-01
9.623193426603138256e-01
9.630473535019947739e-01
9.637753643436752782e-01
9.645033751853560045e-01
9.652313860270367307e-01
9.659593968687174570e-01
9.666874077103981833e-01
9.674154185520786875e-01
9.681434293937593027e-01
9.688714402354400290e-01
9.695994510771206443e-01
9.701063756903363089e-01
9.706374280693081946e-01
9.711684804482800804e-01
9.716995328272518551e-01
9.722305852062237408e-01
9.727616375851957375e-01
9.732926899641675123e-01
9.738237423431395090e-01
9.743547947221115058e-01
9.748858471010832805e-01
9.753960626199622563e-01
9.758720959194580047e-01
9.763481292189535310e-01
9.768241625184492793e-01
9.773001958179446946e-01
9.777762291174404430e-01
9.782522624169359693e-01
9.794806310646164693e-01
9.798310529131724067e-01
9.801814747617282331e-01
9.805318966102840594e-01
9.808823184588399968e-01
9.812327403073958232e-01
9.815831621559515385e-01
9.819335840045075869e-01
9.822840058530635243e-01
9.826344277016193507e-01
9.829848495501752881e-01
9.833352713987311144e-01
9.836856932472870518e-01
9.840361150958428782e-01
9.843865369443988156e-01
9.847369587929545309e-01
9.850873806415102463e-01
9.854378024900662947e-01
9.857882243386220100e-01
9.861386461871779474e-01
9.853785907928800381e-01
9.866709326140606917e-01
9.869320569619044470e-01
9.871931813097484243e-01
9.874543056575921796e-01
9.877154300054363789e-01
9.879765543532801342e-01
9.882376787011240005e-01
9.884988030489678668e-01
9.887599273968117330e-01
9.890210517446557104e-01
9.892821760924996877e-01
9.895433004403434429e-01
9.898044247881874202e-01
9.900655491360311755e-01
9.903266734838751528e-01
9.905877978317190191e-01
9.908489221795627744e-01
9.911100465274067517e-01
9.913711708752506180e-01
9.916322952230944843e-01
9.918934195709384616e-01
9.921545439187824389e-01
9.914893567393957552e-01
9.916828547456469911e-01
9.918763527518981160e-01
9.920698507581489078e-01
9.922633487643998107e-01
9.924568467706510466e-01
9.926503447769020605e-01
9.934991038807552410e-01
9.936174163545770099e-01
9.937357288283985568e-01
9.938540413022203257e-01
9.939723537760419836e-01
9.940906662498635304e-01
9.942089787236854104e-01
9.943272911975070683e-01
9.944456036713287261e-01
9.945639161451504950e-01
9.946822286189721529e-01
9.948005410927940328e-01
9.949188535666155797e-01
9.950371660404372376e-01
9.951554785142588955e-01
9.952737909880806644e-01
9.953921034619023223e-01
9.955104159357239801e-01
9.956287284095457490e-01
9.957470408833674069e-01
9.957972248903596002e-01
9.959132083220980647e-01
9.960291917538368622e-01
9.961451751855754377e-01
9.962611586173142353e-01
9.963771420490528108e-01
9.964931254807914973e-01
9.966091089125301838e-01
9.967250923442685373e-01
9.968410757760073349e-01
9.969570592077460214e-01
9.970730426394847079e-01
9.971890260712232834e-01
9.975247761150718429e-01
9.975603555958451052e-01
9.975959350766183675e-01
9.976315145573916299e-01
9.976670940381648922e-01
9.977026735189381546e-01
9.977382529997114169e-01
9.977738324804846792e-01
9.978094119612579416e-01
9.978449914420308708e-01
9.978805709228041332e-01
9.979161504035773955e-01
9.979517298843507689e-01
9.979873093651239202e-01
9.980228888458972936e-01
9.980584683266704449e-01
9.980940478074437072e-01
9.981296272882169696e-01
9.981652067689902319e-01
9.982007862497634942e-01
9.982363657305365345e-01
9.982719452113100189e-01
9.983075246920830592e-01
9.983431041728563216e-01
9.983786836536295839e-01
9.984142631344029573e-01
9.984498426151761086e-01
9.984854220959493709e-01
9.985210015767226333e-01
9.985565810574958956e-01
9.990269815142890364e-01
9.991051553792409390e-01
9.991833292441929526e-01
9.988137467935599423e-01
9.988410846204550664e-01
9.988684224473504125e-01
9.990877617790921983e-01
9.991123244274948689e-01
9.991368870758978726e-01
9.991614497243008763e-01
9.991860123727036580e-01
9.992105750211066617e-01
9.992351376695096654e-01
9.992597003179124471e-01
9.992842629663153398e-01
9.993088256147183435e-01
9.993333882631213472e-01
9.993579509115242399e-01
9.993825135599271325e-01
9.994070762083301362e-01
9.994316388567329179e-01
9.994562015051358106e-01
9.994807641535388143e-01
9.995053268019417070e-01
9.995298894503447107e-01
9.995544520987476034e-01
9.995790147471503850e-01
9.996035773955536108e-01
9.996281400439563924e-01
9.996527026923592851e-01
9.996772653407622888e-01
9.997018279891651815e-01
9.997263906375680742e-01
9.997509532859710779e-01
9.997755159343740816e-01
9.998000785827767523e-01
9.998246412311797560e-01
9.998492038795826486e-01
9.998737665279856524e-01
9.998983291763885450e-01
9.998963826473664662e-01
9.998988123929525296e-01
9.999012421385385929e-01
9.999036718841248783e-01
9.999061016297109417e-01
9.999085313752971160e-01
9.999109611208830684e-01
9.999133908664692427e-01
9.999158206120553061e-01
9.999182503576412584e-01
9.999206801032273217e-01
9.999231098488137182e-01
9.999255395943996705e-01
9.999279693399856228e-01
9.999303990855717972e-01
9.999328288311578605e-01
9.999352585767440349e-01
9.999376883223300982e-01
9.999401180679162726e-01
9.999425478135023360e-01
9.999449775590885103e-01
9.999474073046744627e-01
9.999498370502605260e-01
9.999522667958467004e-01
9.999546965414326527e-01
9.999571262870188271e-01
9.999595560326048904e-01
9.999619857781908427e-01
9.999644155237771281e-01
9.999668452693633025e-01
9.999692750149493659e-01
9.999717047605353182e-01
9.999741345061214925e-01
9.999765642517075559e-01
9.999789939972936192e-01
1.000123310279425137e+00
1.000139696060013295e+00
1.000156081840601230e+00
1.000172467621189387e+00
