8.407371974522860336e-01
8.598155547910130148e-01
8.788939121297397739e-01
8.979722694684666440e-01
9.170506268071935141e-01
9.361289841459204952e-01
9.552073414846473653e-01
9.732652995768448223e-01
9.898705847803449531e-01
1.006475869983845417e+00
1.023081155187345770e+00
1.039686440390846123e+00
1.056291725594346476e+00
1.071573744439351605e+00
1.086273020978822501e+00
1.100972297518293619e+00
1.115671574057764515e+00
1.130370850597235632e+00
1.144859687313557917e+00
1.158189254297883775e+00
1.171518821282209633e+00
1.184848388266535490e+00
1.198177955250861348e+00
1.211507522235187428e+00
1.223997542469986266e+00
1.236383530738039971e+00
1.248769519006093676e+00
1.261155507274147602e+00
1.273541495542201307e+00
1.285462754400352736e+00
1.297255318325312157e+00
1.309047882250271799e+00
1.320840446175231220e+00
1.332826707424757062e+00
1.344342057172643878e+00
1.355857406920530916e+00
1.367372756668417511e+00
1.378888106416304549e+00
1.390443294655647088e+00
1.401941080304894172e+00
1.413438865954141921e+00
1.424936651603389226e+00
1.436510439999503674e+00
1.448172314943535044e+00
1.459834189887566636e+00
1.471496064831598005e+00
1.483464574241191380e+00
1.495494837643788655e+00
1.507525101046386373e+00
1.519555364448983648e+00
1.532164418282289331e+00
1.544762979581841167e+00
1.557361540881393447e+00
1.570227679170012047e+00
1.583579793505984989e+00
1.596931907841957932e+00
1.610284022177931318e+00
1.624408015922236270e+00
1.638642348860638309e+00
1.652876681799040348e+00
1.667908414204251288e+00
1.683198515527131844e+00
1.698488616850012622e+00
1.714458823753695516e+00
1.731055306046628717e+00
1.747651788339561474e+00
1.764968887635272043e+00
1.782955460164620698e+00
1.800942032693969574e+00
1.820133484256980516e+00
1.839675605285909121e+00
1.859395129834083171e+00
1.880710003630730043e+00
1.902024877427376692e+00
1.924343241094340184e+00
1.947606226980617583e+00
1.971025772874713144e+00
1.996420037804252257e+00
2.021814302733790925e+00
2.048883259227774811e+00
2.076599404761199974e+00
2.105593745902624825e+00
2.135870833228704857e+00
2.167030115928391343e+00
2.200174616130186944e+00
2.233793201289157260e+00
2.270126169263141591e+00
2.306636375998664779e+00
2.346442644004490763e+00
2.386327293574706410e+00
2.429651775954337900e+00
2.474165419846446667e+00
2.521429842770337437e+00
2.570384325225643085e+00
2.622032273960345439e+00
2.676640454578627981e+00
2.732864228694517283e+00
2.793858454298492333e+00
2.856807193287956625e+00
2.923345216605350849e+00
2.994131772581114515e+00
3.067238251092431423e+00
3.145794866977488002e+00
3.229335809136717472e+00
3.316956760858732256e+00
3.408761068098943525e+00
3.508251719799158952e+00
3.612642952757345594e+00
3.723054502742107807e+00
3.838677870888221655e+00
3.408316302155059763e+00
3.315225146837726733e+00
3.225944680546145360e+00
3.140811270989004811e+00
3.059927011527353358e+00
2.984079313437085101e+00
2.912177811447062226e+00
2.843143505564478257e+00
2.777816185162196749e+00
2.716196103498143888e+00
2.656760799011848473e+00
2.600683734373933298e+00
2.547432602983465966e+00
2.495629193476639696e+00
2.447721285530476631e+00
2.401037147604697886e+00
2.356771198852062543e+00
2.314616612251714223e+00
2.273803029110956331e+00
2.235506998387322142e+00
2.197919244448433229e+00
2.163117842656019807e+00
2.128598949029941068e+00
2.096534483798684789e+00
2.064878458986991738e+00
2.035481054869902273e+00
2.006403576896249596e+00
1.979032514659551323e+00
1.952274975563148773e+00
1.927243995476416893e+00
1.902682213619705687e+00
1.879006747302931490e+00
1.856674515356248056e+00
1.834342283409566177e+00
1.813828645644367965e+00
1.793463240744160414e+00
1.773923533345281189e+00
1.755338734838435721e+00
1.736753936331590031e+00
1.719701376232485757e+00
1.702835920884878229e+00
1.686077900341820257e+00
1.670730140438161371e+00
1.655382380534502484e+00
1.640626586075769611e+00
1.626686701042008298e+00
1.612746816008246320e+00
1.599232668471946450e+00
1.586658143945667732e+00
1.574083619419389013e+00
1.561688030549720940e+00
1.550302430066303305e+00
1.538916829582886558e+00
1.527511994094342684e+00
1.517184390550056383e+00
1.506856787005769638e+00
1.496529183461483559e+00
1.486846407623450661e+00
1.477518244685402937e+00
1.468190081747354991e+00
1.458932659232512918e+00
1.450521280053764128e+00
1.442109900875014894e+00
1.433698521696265438e+00
1.425551356531745029e+00
1.417982313240813141e+00
1.410413269949881698e+00
1.402844226658950255e+00
1.395543423357030743e+00
1.388730985551985819e+00
1.381918547746940895e+00
1.375106109941896415e+00
1.368372543446422451e+00
1.362275106820463266e+00
1.356177670194503859e+00
1.350080233568544674e+00
1.343982796942585045e+00
1.338284620870353603e+00
1.332803733160782711e+00
1.327322845451212041e+00
1.321841957741641149e+00
1.316361070032070479e+00
1.311452501344820165e+00
1.306505257238972595e+00
1.301558013133125025e+00
1.296610769027277010e+00
1.291761983721844365e+00
1.287355145158406655e+00
1.282948306594968724e+00
1.278541468031530348e+00
1.274134629468092639e+00
1.269727790904654485e+00
1.265618241446472725e+00
1.261666115913657293e+00
1.257713990380841640e+00
1.253761864848026431e+00
1.249809739315210777e+00
1.245921616299296542e+00
1.242370200749937093e+00
1.238818785200577421e+00
1.235267369651217972e+00
1.231715954101858523e+00
1.228164538552499074e+00
1.224667956337459174e+00
1.221485000999664283e+00
1.218302045661869171e+00
1.215119090324074502e+00
1.211936134986279390e+00
1.208753179648484499e+00
1.205570224310689609e+00
1.202614884161527398e+00
1.199744154210351743e+00
1.196873424259176089e+00
1.194002694308000656e+00
1.191131964356824779e+00
1.188261234405649347e+00
1.185390504454473692e+00
1.182801121968798386e+00
1.180201897246856424e+00
1.177602672524914462e+00
1.175003447802972500e+00
1.172404223081030539e+00
1.169804998359088577e+00
1.167205773637146615e+00
1.164745294468157333e+00
1.162402857444834847e+00
1.160060420421512140e+00
1.157717983398189876e+00
1.155375546374867168e+00
1.153033109351544683e+00
1.150690672328222197e+00
1.148348235304899490e+00
1.146199576088156480e+00
1.144065159253221386e+00
1.141930742418285849e+00
1.139796325583350312e+00
1.137661908748414996e+00
1.135527491913479459e+00
1.133393075078544365e+00
1.131258658243608828e+00
1.129124241408673512e+00
1.127089397726247499e+00
1.125109500462108114e+00
1.123129603197968507e+00
1.121149705933829344e+00
1.119169808669689514e+00
1.117189911405550129e+00
1.115210014141410744e+00
1.113230116877271358e+00
1.111250219613131751e+00
1.109371325389140628e+00
1.107542775550386605e+00
1.105714225711632137e+00
1.103885675872877892e+00
1.102057126034123424e+00
1.100228576195369401e+00
1.098400026356615156e+00
1.096571476517860910e+00
1.094742926679106665e+00
1.092914376840352420e+00
1.091143580499943866e+00
1.089417169616445857e+00
1.087690758732947627e+00
1.085964347849449618e+00
1.084237936965951388e+00
1.082511526082453157e+00
1.080785115198955149e+00
1.079058704315457140e+00
1.077332293431959132e+00
1.075605882548460901e+00
1.073879471664962892e+00
1.072185797607284830e+00
1.070520770385581244e+00
1.068855743163877658e+00
1.067190715942174295e+00
1.065525688720470932e+00
1.063860661498767346e+00
1.062195634277063983e+00
1.060530607055360619e+00
1.058865579833657034e+00
1.057200552611953670e+00
1.055535525390250307e+00
1.053870498168546943e+00
1.052312343623027724e+00
1.050663831596700959e+00
1.049015319570374416e+00
1.047366807544047873e+00
1.045718295517721108e+00
1.044069783491394343e+00
1.042421271465067578e+00
1.040772759438741035e+00
1.039124247412414270e+00
1.037475735386087505e+00
1.035827223359760962e+00
1.034178711333434197e+00
1.032530199307107432e+00
1.030881687280780890e+00
1.029094131348089469e+00
1.027408584669746050e+00
1.025723037991402409e+00
1.024037491313058990e+00
1.022351944634715348e+00
1.020666397956371929e+00
1.018980851278028066e+00
1.017295304599684869e+00
1.015609757921341227e+00
1.013924211242997586e+00
1.012238664564654167e+00
1.010553117886310748e+00
1.008867571207967107e+00
1.007182024529623687e+00
1.005550700518877294e+00
1.003757790169182318e+00
1.001964879819487342e+00
1.000171969469792366e+00
9.983790591200971676e-01
9.965861487704027466e-01
9.947932384207077705e-01
9.930003280710125724e-01
9.912074177213177073e-01
9.894145073716227312e-01
9.876215970219278661e-01
9.858286866722327790e-01
9.840357763225379140e-01
9.822428659728429379e-01
9.804499556231479618e-01
9.786570452734529857e-01
9.768641349237580096e-01
9.748706921670028391e-01
9.728655810699328166e-01
9.708604699728626830e-01
9.688553588757927715e-01
9.668502477787227489e-01
9.648451366816526154e-01
9.628400255845825928e-01
9.608349144875124592e-01
9.588298033904426587e-01
9.568246922933723031e-01
9.548195811963022805e-01
9.528144700992322580e-01
9.508093590021623465e-01
9.488042479050919908e-01
9.467991368080219683e-01
9.447940257109519457e-01
9.427889146138820342e-01
9.407838035168120117e-01
9.385154857650364058e-01
9.361408757270496261e-01
9.337662656890627355e-01
9.313916556510756228e-01
9.290170456130888432e-01
9.266424355751019526e-01
9.242678255371150620e-01
9.218932154991279493e-01
9.195186054611411697e-01
9.171439954231542790e-01
9.147693853851671664e-01
9.123947753471802757e-01
9.100201653091934961e-01
9.076455552712066055e-01
9.052709452332197149e-01
9.028963351952326022e-01
9.005217251572457116e-01
8.981471151192589319e-01
8.957725050812720413e-01
8.933978950432849286e-01
8.906084715710689270e-01
8.876407524832330420e-01
8.846730333953972680e-01
8.817053143075612720e-01
8.787375952197257201e-01
8.757698761318897240e-01
8.728021570440537280e-01
8.698344379562179540e-01
8.668667188683822911e-01
8.638989997805462950e-01
8.609312806927102990e-01
8.579635616048747471e-01
8.549958425170387510e-01
8.520281234292028660e-01
8.490604043413669810e-01
8.460926852535313181e-01
8.431249661656954331e-01
8.401572470778595481e-01
8.371895279900234410e-01
8.342218089021876670e-01
8.312540898143520041e-01
8.282863707265161191e-01
8.253186516386801230e-01
8.223509325508444601e-01
