-1.951741038997126981e-05
-2.513785537524317049e-02
-4.315800976982080844e-02
-5.501443709621318956e-02
-6.130692318995138029e-02
-6.359894463491753969e-02
-6.188511735301008287e-02
-5.741778064958105721e-02
-5.032253276895790745e-02
-4.081158229460842002e-02
-2.986755435514063667e-02
-1.739077387605869607e-02
-3.869477833481868665e-03
1.055692276342290806e-02
2.576828959504408670e-02
4.146110642480712455e-02
5.760874590879162122e-02
7.395031353759248804e-02
9.059147819068748275e-02
1.071891378966334657e-01
1.239788037323981129e-01
1.406886422659546498e-01
1.569781458076050518e-01
1.738719851658209470e-01
1.899135502559937128e-01
2.061630189084925346e-01
2.219569797471482031e-01
2.379001126276536204e-01
2.528949903002083999e-01
2.683022879059250299e-01
2.830727055279829152e-01
2.976455804099275571e-01
3.117018797705058408e-01
3.258752101773742527e-01
3.397069152912401968e-01
3.526504741103595464e-01
3.663049510683944465e-01
3.788741257603719381e-01
3.915834800397010595e-01
4.037334101529952979e-01
4.152391514209076706e-01
4.273742438895000717e-01
4.390950041080411981e-01
4.497371487180411576e-01
4.608585027251333455e-01
4.716546755748410868e-01
4.817948114450324448e-01
4.918202416016307921e-01
5.019375463465223230e-01
5.120548510914136875e-01
5.208340817147041335e-01
5.302729873263852811e-01
5.396518518809706455e-01
5.481734757745093667e-01
5.563673377652643692e-01
5.655187720038361565e-01
5.734412181532790864e-01
5.813636643027223494e-01
5.892693175399755789e-01
5.968947063346575765e-01
6.045200951293399072e-01
6.116150503517053805e-01
6.189046452730774250e-01
6.260708345735603864e-01
6.328174910797206287e-01
6.389686773523343133e-01
6.464449018672954184e-01
6.525385952233702103e-01
6.586322885794453352e-01
6.647259819355203492e-01
6.711008470054873332e-01
6.765411018835679746e-01
6.823422703900420272e-01
6.881434388965161908e-01
6.935243245926357991e-01
6.986786327345090308e-01
7.041011875680275311e-01
7.095237424015458094e-01
7.144609150813940879e-01
7.191320885765166704e-01
7.239765938483709862e-01
7.289779411476818849e-01
7.336931405050266530e-01
7.379010780411092707e-01
7.422778624355124144e-01
7.468298864092319800e-01
7.513819103829516566e-01
7.560149254939581009e-01
7.598686183526787152e-01
7.637223112113994405e-01
7.675760040701202769e-01
7.714296969288410022e-01
7.745293052226454034e-01
7.795145524614358612e-01
7.829315584640297310e-01
7.863485644666238228e-01
7.897655704692176926e-01
7.931825764718115623e-01
7.965995824744056542e-01
8.000165884769995239e-01
8.036076337916958634e-01
8.063357670071231720e-01
8.095049452905488385e-01
8.126741235739746161e-01
8.158433018574005047e-01
8.190124801408263933e-01
8.221816584242520598e-01
8.238407442440959239e-01
8.271021976254501196e-01
8.298806121043892370e-01
8.326590265833286875e-01
8.354374410622680269e-01
8.382158555412072554e-01
8.409942700201465948e-01
8.433232492794421331e-01
8.455701501773837947e-01
8.478170510753251232e-01
8.500639519732665628e-01
8.523108528712080023e-01
8.544581775192673367e-01
8.569145054409390561e-01
8.593708333626106644e-01
8.621008910850475049e-01
8.639877872984613738e-01
8.658746835118749097e-01
8.677615797252884455e-01
8.696484759387022034e-01
8.715353721521159613e-01
8.738472189152745040e-01
8.759898662137082237e-01
8.770756272119014652e-01
8.791484303624047536e-01
8.809568806037400002e-01
8.827653308450754688e-01
8.845737810864108264e-01
8.863822313277464060e-01
8.881906815690816526e-01
8.899991318104171212e-01
8.918075820517523677e-01
8.935877293882736883e-01
8.949561154774008376e-01
8.963245015665282089e-01
8.976928876556555803e-01
8.990612737447829517e-01
9.004296598339102120e-01
9.017980459230374723e-01
9.031664320121647327e-01
9.042387843622643473e-01
9.056481284600503834e-01
9.070574725578360864e-01
9.084668166556221225e-01
9.105665946550259848e-01
9.116604494504061407e-01
9.127543042457866296e-01
9.138481590411668964e-01
9.149420138365470523e-01
9.160358686319273192e-01
9.171297234273075860e-01
9.182235782226879639e-01
9.193174330180682308e-01
9.204112878134484976e-01
9.215051426088288755e-01
9.216586937983641814e-01
9.236837405747418961e-01
9.246546982007732840e-01
9.256256558268046719e-01
9.265966134528363929e-01
9.275675710788680028e-01
9.285385287048992797e-01
9.295094863309310007e-01
9.304804439569623886e-01
9.314514015829939986e-01
9.324223592090256085e-01
9.333933168350569964e-01
9.343642744610886064e-01
9.353352320871201053e-01
9.350277705295617636e-01
9.357823309714363713e-01
9.365368914133108680e-01
9.372914518551855867e-01
9.385578241771052044e-01
9.392688676783491619e-01
9.399799111795930084e-01
9.406909546808368550e-01
9.414019981820808125e-01
9.421130416833247700e-01
9.428240851845686166e-01
9.435351286858123521e-01
9.442461721870563096e-01
9.449572156883003782e-01
9.456682591895440027e-01
9.461632907694791372e-01
9.466835734208708386e-01
9.472038560722622069e-01
9.477241387236536863e-01
9.482444213750454987e-01
9.487647040264372000e-01
9.492849866778286794e-01
9.498052693292203807e-01
9.503255519806118601e-01
9.508458346320036725e-01
9.513447980077915922e-01
9.518101958496082426e-01
9.522755936914247821e-01
9.527409915332413215e-01
9.532063893750579719e-01
9.536717872168746224e-01
9.541371850586911618e-01
9.553373415333192842e-01
9.556815259418275366e-01
9.560257103503357889e-01
9.563698947588441523e-01
9.567140791673525158e-01
9.570582635758607681e-01
9.574024479843690205e-01
9.577466323928771619e-01
9.580908168013854143e-01
9.584350012098936666e-01
9.587791856184020300e-01
9.591233700269102824e-01
9.594675544354185348e-01
9.598117388439268982e-01
9.601559232524351506e-01
9.605001076609432920e-01
9.608442920694515443e-01
9.611884764779597967e-01
9.615326608864680491e-01
9.618768452949764125e-01
9.611318165096021104e-01
9.623996076666168076e-01
9.626566896840192955e-01
9.629137717014218945e-01
9.631708537188247155e-01
9.634279357362273144e-01
9.636850177536299134e-01
9.639420997710325123e-01
9.641991817884352223e-01
9.644562638058378212e-01
9.647133458232403092e-01
9.649704278406432412e-01
9.652275098580458401e-01
9.654845918754484391e-01
9.657416738928511490e-01
9.659987559102537480e-01
9.662558379276563469e-01
9.665129199450589459e-01
9.667700019624615448e-01
9.670270839798642548e-01
9.672841659972668538e-01
9.675412480146694527e-01
9.677983300320722737e-01
9.671546703140373458e-01
9.673470888024138237e-01
9.675395072907900795e-01
9.677319257791664464e-01
9.679243442675427023e-01
9.681167627559192912e-01
9.683091812442955471e-01
9.691403663068632879e-01
9.692585012096300856e-01
9.693766361123968833e-01
9.694947710151640141e-01
9.696129059179307008e-01
9.697310408206974985e-01
9.698491757234645183e-01
9.699673106262315381e-01
9.700854455289983358e-01
9.702035804317651335e-01
9.703217153345321533e-01
9.704398502372989510e-01
9.705579851400658598e-01
9.706761200428325465e-01
9.707942549455995662e-01
9.709123898483665860e-01
9.710305247511333837e-01
9.711486596539001814e-01
9.712667945566672012e-01
9.713849294594337769e-01
9.714411356885522819e-01
9.715581281127564361e-01
9.716751205369609234e-01
9.717921129611652997e-01
9.719091053853696760e-01
9.720260978095739413e-01
9.721430902337783175e-01
9.722600826579828048e-01
9.723770750821869591e-01
9.724940675063912243e-01
9.726110599305959337e-01
9.727280523548000879e-01
9.728450447790043532e-01
9.731648231624018264e-01
9.732046525011609495e-01
9.732444818399204056e-01
9.732843111786794177e-01
9.733241405174387628e-01
9.733639698561978859e-01
9.734037991949571200e-01
9.734436285337162431e-01
9.734834578724754772e-01
9.735232872112347113e-01
9.735631165499940565e-01
9.736029458887530685e-01
9.736427752275124137e-01
9.736826045662714257e-01
9.737224339050307709e-01
9.737622632437898940e-01
9.738020925825491281e-01
9.738419219213082512e-01
9.738817512600674853e-01
9.739215805988267194e-01
9.739614099375860645e-01
9.740012392763450766e-01
9.740410686151044217e-01
9.740808979538635448e-01
9.741207272926227789e-01
9.741605566313819020e-01
9.742003859701411361e-01
9.742402153089002592e-01
9.742800446476594933e-01
9.743198739864186164e-01
9.747827294119190134e-01
9.748625779851791684e-01
9.749424265584393234e-01
9.746276439521632806e-01
9.746563232444251934e-01
9.746850025366871062e-01
9.748620642736885999e-01
9.748902692233971656e-01
9.749184741731057313e-01
9.749466791228145190e-01
9.749748840725230847e-01
9.750030890222316504e-01
9.750312939719402161e-01
9.750594989216485597e-01
9.750877038713573475e-01
9.751159088210659132e-01
9.751441137707742568e-01
9.751723187204828225e-01
9.752005236701916102e-01
9.752287286199001759e-01
9.752569335696086306e-01
9.752851385193171962e-01
9.753133434690258730e-01
9.753415484187343276e-01
9.753697533684428933e-01
9.753979583181515700e-01
9.754261632678600247e-01
9.754543682175687014e-01
9.754825731672772671e-01
9.755107781169858328e-01
9.755389830666943984e-01
9.755671880164029641e-01
9.755953929661114188e-01
9.756235979158200955e-01
9.756518028655285502e-01
9.756800078152373379e-01
9.757082127649456815e-01
9.757364177146542472e-01
9.757646226643630349e-01
9.757928276140716006e-01
9.758151488521176198e-01
9.758186241777854208e-01
9.758220995034529999e-01
9.758255748291206899e-01
9.758290501547881579e-01
9.758325254804558480e-01
9.758360008061235380e-01
9.758394761317910060e-01
9.758429514574586960e-01
9.758464267831264971e-01
9.758499021087938541e-01
9.758533774344616551e-01
9.758568527601292342e-01
9.758603280857967022e-01
9.758638034114645032e-01
9.758672787371320823e-01
9.758707540627996613e-01
9.758742293884672403e-01
9.758777047141349303e-01
9.758811800398025094e-01
9.758846553654699774e-01
9.758881306911376674e-01
9.758916060168053574e-01
9.758950813424729365e-01
9.758985566681405155e-01
9.759020319938083166e-01
9.759055073194758956e-01
9.759089826451434746e-01
9.759124579708108316e-01
9.759159332964786326e-01
9.759194086221463227e-01
9.759228839478139017e-01
9.759263592734814807e-01
9.759298345991491708e-01
9.759333099248166388e-01
9.761040776827552001e-01
9.761206581906529678e-01
9.761372386985507354e-01
9.761538192064485031e-01
