7.701901154215707868e-01
7.889308005291514325e-01
8.076714856367319673e-01
8.264121707443123910e-01
8.451528558518930367e-01
8.638935409594735715e-01
8.826342260670542172e-01
9.003894382574448851e-01
9.167416387679657719e-01
9.330938392784868807e-01
9.494460397890079895e-01
9.657982402995290983e-01
9.821504408100500960e-01
9.972244136257760738e-01
1.011735350296246505e+00
1.026246286966717047e+00
1.040757223637187590e+00
1.055268160307658132e+00
1.069575916072815325e+00
1.082763388914009806e+00
1.095950861755204286e+00
1.109138334596398767e+00
1.122325807437593248e+00
1.135513280278787729e+00
1.147889572107479772e+00
1.160165132378737196e+00
1.172440692649994398e+00
1.184716252921251600e+00
1.196991813192509246e+00
1.208818445716710377e+00
1.220520308814343258e+00
1.232222171911975916e+00
1.243924035009608797e+00
1.255812888710451825e+00
1.267246608326229707e+00
1.278680327942007811e+00
1.290114047557785693e+00
1.301547767173563575e+00
1.313019633950951226e+00
1.324436051393014901e+00
1.335852468835078799e+00
1.347268886277142474e+00
1.358758734420461245e+00
1.370333328088495062e+00
1.381907921756528879e+00
1.393482515424562473e+00
1.405353291619514167e+00
1.417283347884370936e+00
1.429213404149228372e+00
1.441143460414085586e+00
1.453632445705135057e+00
1.466111002683406994e+00
1.478589559661679376e+00
1.491326495032208044e+00
1.504532361743530444e+00
1.517738228454853067e+00
1.530944095166176133e+00
1.544894615474653676e+00
1.558951961968029210e+00
1.573009308461404521e+00
1.587836660196706440e+00
1.602912900426976650e+00
1.617989140657246860e+00
1.633721496293071507e+00
1.650058212853046991e+00
1.666394929413022252e+00
1.683426806418864441e+00
1.701104605719590879e+00
1.718782405020316872e+00
1.737622489352418809e+00
1.756800728186924898e+00
1.776150154814588822e+00
1.797038026785682252e+00
1.817925898756776126e+00
1.839781357237572301e+00
1.862547682831743323e+00
1.885464924965464917e+00
1.910285872492504478e+00
1.935106820019544038e+00
1.961541898183417842e+00
1.988600816962448503e+00
2.016891604360835810e+00
2.046418434553313848e+00
2.076795360614776875e+00
2.109084889341268365e+00
2.141831181175174237e+00
2.177192157988682819e+00
2.212723912460782039e+00
2.251429899181499383e+00
2.290211033469507385e+00
2.332304805869616082e+00
2.375543637353457971e+00
2.421430431839337594e+00
2.468943796608411123e+00
2.519049865571933555e+00
2.572004649235696938e+00
2.626514195418482078e+00
2.685613663133066709e+00
2.746593303863633651e+00
2.811025844813521246e+00
2.879544524965674146e+00
2.950294173909471240e+00
3.026285194081991925e+00
3.107068561318955702e+00
3.191774166473318797e+00
3.280501214346594807e+00
3.376615919573825675e+00
3.477439970671584835e+00
3.584049099033374208e+00
3.695665925379066685e+00
3.369361928181863419e+00
3.277560354686139377e+00
3.189542479349312565e+00
3.105641951678584700e+00
3.025958740095809230e+00
2.951273459340792993e+00
2.880502451609113557e+00
2.812575266669716800e+00
2.748324295869117417e+00
2.687748358186635045e+00
2.629337886203563901e+00
2.574255507525285314e+00
2.521972641089078149e+00
2.471124120078118214e+00
2.424133432756456763e+00
2.378354343679003779e+00
2.334969328191190296e+00
2.293673751773536384e+00
2.253705548310803497e+00
2.216228118541528236e+00
2.179451414969951095e+00
2.145430372711541800e+00
2.111688912698848952e+00
2.080374383838371699e+00
2.049463408942646669e+00
2.020784690646886261e+00
1.992422346498289087e+00
1.965746554782239919e+00
1.939676487303286567e+00
1.915311118922511380e+00
1.891409721297090840e+00
1.868383656216242139e+00
1.846683842022931010e+00
1.824984027829621214e+00
1.805079362512943764e+00
1.785320830533361214e+00
1.766377211350757426e+00
1.748375689833921331e+00
1.730374168317085015e+00
1.713883743508198609e+00
1.697578159792706209e+00
1.681379117863758932e+00
1.666569994731347926e+00
1.651760871598936919e+00
1.637534781701492248e+00
1.624113352665811805e+00
1.610691923630131139e+00
1.597690199615650730e+00
1.585614231800178242e+00
1.573538263984705754e+00
1.561638806355330145e+00
1.550733933321092994e+00
1.539829060286856510e+00
1.528905459698124192e+00
1.519042419270789201e+00
1.509179378843453323e+00
1.499316338416118555e+00
1.490087999306305422e+00
1.481208815296561232e+00
1.472329631286816820e+00
1.463520000249521891e+00
1.455542933660501470e+00
1.447565867071481271e+00
1.439588800482461073e+00
1.431871858599874425e+00
1.424723423513045262e+00
1.417574988426215876e+00
1.410426553339386713e+00
1.403542073166782034e+00
1.397137644412471680e+00
1.390733215658160660e+00
1.384328786903850084e+00
1.378001791506319629e+00
1.372300276797974616e+00
1.366598762089629382e+00
1.360897247381284814e+00
1.355195732672939579e+00
1.349887307719094487e+00
1.344791665941846182e+00
1.339696024164598542e+00
1.334600382387350681e+00
1.329504740610103042e+00
1.324970783152123577e+00
1.320399321646330559e+00
1.315827860140537764e+00
1.311256398634744968e+00
1.306782131270051606e+00
1.302741431226591251e+00
1.298700731183129786e+00
1.294660031139668988e+00
1.290619331096208189e+00
1.286578631052747168e+00
1.282829705897264638e+00
1.279235415128835873e+00
1.275641124360407330e+00
1.272046833591978565e+00
1.268452542823550022e+00
1.264921294594943735e+00
1.261720247898861835e+00
1.258519201202779714e+00
1.255318154506697592e+00
1.252117107810615249e+00
1.248916061114533571e+00
1.245768997956000490e+00
1.242929479291976280e+00
1.240089960627952070e+00
1.237250441963928083e+00
1.234410923299903873e+00
1.231571404635879441e+00
1.228731885971855453e+00
1.226115697050887521e+00
1.223582408208789829e+00
1.221049119366691915e+00
1.218515830524594445e+00
1.215982541682496532e+00
1.213449252840399062e+00
1.210915963998301148e+00
1.208658501621000969e+00
1.206391437738456140e+00
1.204124373855911312e+00
1.201857309973366483e+00
1.199590246090821877e+00
1.197323182208276826e+00
1.195056118325732220e+00
1.192924727745028113e+00
1.190909373568149521e+00
1.188894019391270929e+00
1.186878665214392337e+00
1.184863311037514189e+00
1.182847956860635819e+00
1.180832602683757226e+00
1.178817248506878856e+00
1.176992716724138743e+00
1.175181195515779820e+00
1.173369674307420452e+00
1.171558153099061084e+00
1.169746631890701938e+00
1.167935110682342570e+00
1.166123589473983424e+00
1.164312068265624056e+00
1.162500547057265132e+00
1.160786036151307155e+00
1.159125851700599785e+00
1.157465667249892416e+00
1.155805482799185047e+00
1.154145298348477455e+00
1.152485113897770086e+00
1.150824929447062939e+00
1.149164744996355347e+00
1.147504560545647978e+00
1.145943321804709925e+00
1.144431396455388272e+00
1.142919471106066842e+00
1.141407545756744746e+00
1.139895620407422872e+00
1.138383695058101219e+00
1.136871769708779345e+00
1.135359844359457471e+00
1.133847919010135818e+00
1.132335993660813944e+00
1.130881211291947963e+00
1.129469271109167172e+00
1.128057330926386159e+00
1.126645390743605368e+00
1.125233450560824577e+00
1.123821510378043786e+00
1.122409570195262773e+00
1.120997630012482205e+00
1.119585689829701192e+00
1.118173749646920179e+00
1.116761809464139388e+00
1.115382367808933850e+00
1.114030521256800910e+00
1.112678674704667969e+00
1.111326828152535029e+00
1.109974981600402089e+00
1.108623135048269148e+00
1.107271288496136208e+00
1.105919441944003268e+00
1.104567595391870549e+00
1.103215748839737387e+00
1.101863902287604446e+00
1.100512055735471506e+00
1.099265389985066177e+00
1.097929684005830575e+00
1.096593978026595417e+00
1.095258272047359815e+00
1.093922566068124436e+00
1.092586860088888834e+00
1.091251154109653010e+00
1.089915448130417630e+00
1.088579742151182028e+00
1.087244036171946648e+00
1.085908330192711047e+00
1.084572624213475445e+00
1.083236918234240065e+00
1.081901212255004241e+00
1.080429069429748479e+00
1.079057047401362546e+00
1.077685025372976169e+00
1.076313003344590014e+00
1.074940981316203858e+00
1.073568959287817703e+00
1.072196937259431326e+00
1.070824915231045393e+00
1.069452893202659238e+00
1.068080871174272861e+00
1.066708849145886706e+00
1.065336827117500551e+00
1.063964805089114618e+00
1.062592783060728241e+00
1.061274315102639143e+00
1.059797116986262777e+00
1.058319918869886411e+00
1.056842720753510045e+00
1.055365522637133679e+00
1.053888324520757536e+00
1.052411126404381170e+00
1.050933928288004582e+00
1.049456730171628438e+00
1.047979532055251850e+00
1.046502333938875706e+00
1.045025135822499118e+00
1.043547937706122974e+00
1.042070739589746609e+00
1.040593541473370243e+00
1.039116343356993877e+00
1.037639145240617289e+00
1.035965656470654750e+00
1.034280582434938145e+00
1.032595508399221318e+00
1.030910434363504491e+00
1.029225360327787664e+00
1.027540286292070837e+00
1.025855212256354010e+00
1.024170138220637405e+00
1.022485064184920356e+00
1.020799990149203751e+00
1.019114916113486924e+00
1.017429842077770319e+00
1.015744768042053270e+00
1.014059694006336443e+00
1.012374619970619616e+00
1.010689545934902789e+00
1.009004471899186184e+00
1.007319397863469357e+00
1.005376663637508106e+00
1.003329585617605435e+00
1.001282507597703209e+00
9.992354295778005380e-01
9.971883515578982005e-01
9.951412735379957519e-01
9.930941955180931924e-01
9.910471174981906328e-01
9.890000394782881843e-01
9.869529614583858468e-01
9.849058834384830652e-01
9.828588054185805056e-01
9.808117273986782791e-01
9.787646493787757196e-01
9.767175713588731600e-01
9.746704933389706005e-01
9.726234153190682630e-01
9.705763372991657034e-01
9.685292592792632549e-01
9.664821812593606953e-01
9.640287247545914484e-01
9.614004285188333387e-01
9.587721322830754511e-01
9.561438360473174525e-01
9.535155398115595649e-01
9.508872435758015662e-01
9.482589473400436786e-01
9.456306511042857910e-01
9.430023548685280144e-01
9.403740586327697937e-01
9.377457623970119061e-01
9.351174661612540184e-01
9.324891699254962418e-01
9.298608736897380211e-01
9.272325774539801335e-01
9.246042812182222459e-01
9.219759849824642473e-01
9.193476887467062486e-01
9.167193925109482500e-01
9.140910962751903623e-01
9.114628000394326968e-01
9.088345038036744761e-01
9.062062075679164774e-01
9.035779113321588119e-01
