-1.318779988232889142e-04
-2.606020187427086562e-02
-4.453468249172205795e-02
-5.637601473159817994e-02
-6.276679718306890643e-02
-6.487515338687060984e-02
-6.355602665811936614e-02
-5.863016038849628436e-02
-5.136800424517828922e-02
-4.178465822216671094e-02
-3.045713802601927866e-02
-1.790582244695860040e-02
-4.038898965351221670e-03
1.121403702153382295e-02
2.552168854277137369e-02
4.264185263694057759e-02
5.917657145524812812e-02
7.566172459330368361e-02
9.296872900700353659e-02
1.102757334207035700e-01
1.275827378344034368e-01
1.415115378231590060e-01
1.613881732439923222e-01
1.788135270018063883e-01
1.962388807596202323e-01
2.119544722380012902e-01
2.271694981850916339e-01
2.423845241321817834e-01
2.585336917113219557e-01
2.750557489265705313e-01
2.916669332278541971e-01
3.051640843764733546e-01
3.186612355250924011e-01
3.330319306674520141e-01
3.483278830580810448e-01
3.636238354487098534e-01
3.744372485522285410e-01
3.859628453756636102e-01
3.974884421990985128e-01
4.084268517302089285e-01
4.216974201691156554e-01
4.349679886080223823e-01
4.482385570469291647e-01
4.615091254858357250e-01
4.747796939247423964e-01
4.880502623636491788e-01
5.034421804188826677e-01
5.117530633951707930e-01
5.200639463714589183e-01
5.283748293477470437e-01
5.366857123240351690e-01
5.449965953003232944e-01
5.533074782766115307e-01
5.616183612528994340e-01
5.699292442291875593e-01
5.782401272054757957e-01
5.865510101817639210e-01
5.870774076648673789e-01
5.942340392360803136e-01
6.013906708072932483e-01
6.155801215418449379e-01
6.232417638370740809e-01
6.309034061323035569e-01
6.385650484275330330e-01
6.462266907227623980e-01
6.538883330179918740e-01
6.615499753132212390e-01
6.692116176084507151e-01
6.768732599036800801e-01
6.760538990715458940e-01
6.828746593682829547e-01
6.896954196650201263e-01
6.965161799617567429e-01
7.033369402584940255e-01
7.101577005552308641e-01
7.289794564447971137e-01
7.329394204503261179e-01
7.368993844558552331e-01
7.408593484613842373e-01
7.448193124669133525e-01
7.487792764724423566e-01
7.527392404779714719e-01
7.566992044835004760e-01
7.606591684890295912e-01
7.646191324945587064e-01
7.685790965000878217e-01
7.725390605056168258e-01
7.764990245111460521e-01
7.804589885166749452e-01
7.844189525222040604e-01
7.883789165277332867e-01
7.923388805332620688e-01
7.962988445387911840e-01
8.002588085443204102e-01
8.042187725498493034e-01
8.081787365553785296e-01
8.121387005609076448e-01
7.992532422208598053e-01
8.025368523161269252e-01
8.058204624113941561e-01
8.091040725066611650e-01
8.123876826019282849e-01
8.156712926971954047e-01
8.448216492623148444e-01
8.466003382456513959e-01
8.483790272289882806e-01
8.501577162123247211e-01
8.519364051956613837e-01
8.537150941789980463e-01
8.554937831623345978e-01
8.572724721456712604e-01
8.590511611290080340e-01
8.608298501123445856e-01
8.626085390956811372e-01
8.590660149258355638e-01
8.618191744391934250e-01
8.645723339525512863e-01
8.673254934659091475e-01
8.700786529792670088e-01
8.728318124926248700e-01
8.755849720059825092e-01
8.783381315193403704e-01
8.810912910326982317e-01
8.838444505460560929e-01
8.865976100594139542e-01
8.893507695727718154e-01
8.921039290861296767e-01
8.948570885994874269e-01
8.976102481128453991e-01
9.003634076262032604e-01
9.031165671395610106e-01
9.058697266529189829e-01
9.086228861662767331e-01
9.113760456796347054e-01
9.141292051929925666e-01
9.168823647063504279e-01
9.196355242197081781e-01
9.166276536783670714e-01
9.175007857268605571e-01
9.183739177753541538e-01
9.192470498238477505e-01
9.201201818723411252e-01
9.209933139208348329e-01
9.218664459693283186e-01
9.227395780178218043e-01
9.236127100663152900e-01
9.244858421148088867e-01
9.253589741633022614e-01
9.262321062117958581e-01
9.271052382602893438e-01
9.279783703087829405e-01
9.288515023572764262e-01
9.315892841000918967e-01
9.330064021767792148e-01
9.344235202534664220e-01
9.358406383301535181e-01
9.372577564068407252e-01
9.386748744835279323e-01
9.400919925602149174e-01
9.415091106369023466e-01
9.429262287135894427e-01
9.443433467902767608e-01
9.457604648669637459e-01
9.471775829436509531e-01
9.485947010203380492e-01
9.500118190970253673e-01
9.514289371737127965e-01
9.528460552503997816e-01
9.542631733270867667e-01
9.556802914037740848e-01
9.570974094804614030e-01
9.580502883356994959e-01
9.585991182078856809e-01
9.591479480800719770e-01
9.596967779522581621e-01
9.602456078244444582e-01
9.607944376966306432e-01
9.613432675688169393e-01
9.618920974410031244e-01
9.624409273131893094e-01
9.629897571853758276e-01
9.635385870575619016e-01
9.640874169297483087e-01
9.646362468019346048e-01
9.651850766741206789e-01
9.657339065463068639e-01
9.662827364184933820e-01
9.668315662906795671e-01
9.673803961628657522e-01
9.679292260350521593e-01
9.684780559072383443e-01
9.690268857794244184e-01
9.695757156516107145e-01
9.701245455237970106e-01
9.706733753959831956e-01
9.712222052681696027e-01
9.717710351403557878e-01
9.723198650125420839e-01
9.728686948847283800e-01
9.734175247569144540e-01
9.739663546291008611e-01
9.745151845012869352e-01
9.750640143734734533e-01
9.756128442456596384e-01
9.761616741178456014e-01
9.767105039900320085e-01
9.772593338622181935e-01
9.778081637344044896e-01
9.796931710580573105e-01
9.800234750353251645e-01
9.791820975226547263e-01
9.795476169769120611e-01
9.799131364311695069e-01
9.802786558854270638e-01
9.806441753396843986e-01
9.810096947939418444e-01
9.813752142481991791e-01
9.817407337024565139e-01
9.821062531567138487e-01
9.824717726109714055e-01
9.828372920652289624e-01
9.832028115194860751e-01
9.835683309737436320e-01
9.839338504280011888e-01
9.842993698822583015e-01
9.846648893365157473e-01
9.850304087907731931e-01
9.853959282450306389e-01
9.857614476992879737e-01
9.861269671535455306e-01
9.864924866078028654e-01
9.868580060620603112e-01
9.872235255163175349e-01
9.875890449705750918e-01
9.879545644248324265e-01
9.883200838790897613e-01
9.886856033333472071e-01
9.890511227876047640e-01
9.894166422418620988e-01
9.897821616961194335e-01
9.901476811503768793e-01
9.905132006046343252e-01
9.908787200588916599e-01
9.912442395131489947e-01
9.916097589674064405e-01
9.919752784216639974e-01
9.923407978759213321e-01
9.927063173301787780e-01
9.930718367844360017e-01
9.929422200084342398e-01
9.929842521571665692e-01
9.930262843058990097e-01
9.930683164546314501e-01
9.931103486033640015e-01
9.931523807520962199e-01
9.931944129008288824e-01
9.932364450495613228e-01
9.932784771982936523e-01
9.933205093470262037e-01
9.933625414957586441e-01
9.934045736444909735e-01
9.934466057932236360e-01
9.934886379419557434e-01
9.935306700906884059e-01
9.935727022394208463e-01
9.936147343881532867e-01
9.936567665368858382e-01
9.936987986856182786e-01
9.939573528102935152e-01
9.941463347604223566e-01
9.943353167105513091e-01
9.945242986606802615e-01
9.947132806108092140e-01
9.949022625609382775e-01
9.950912445110671189e-01
9.952802264611961824e-01
9.954692084113251349e-01
9.956581903614538653e-01
9.958471723115830398e-01
9.960361542617119923e-01
9.962251362118409448e-01
9.964141181619697862e-01
9.966031001120987387e-01
9.967920820622279132e-01
9.969810640123568657e-01
9.971700459624857071e-01
9.973590279126146596e-01
9.975480098627437231e-01
9.977369918128725645e-01
9.979259737630016280e-01
9.974960491672962837e-01
9.975337598969480357e-01
9.975714706265994547e-01
9.976091813562512067e-01
9.976468920859024037e-01
9.976846028155541557e-01
9.977223135452056857e-01
9.977600242748572157e-01
9.977977350045088567e-01
9.978354457341603867e-01
9.978731564638121387e-01
9.979108671934635577e-01
9.979485779231151987e-01
9.979862886527665067e-01
9.980239993824182587e-01
9.980617101120697887e-01
9.980994208417212077e-01
9.981371315713728487e-01
9.981748423010244897e-01
9.982125530306759087e-01
9.982502637603274387e-01
9.982879744899789687e-01
9.983256852196304987e-01
9.983633959492821397e-01
9.984011066789335587e-01
9.984388174085853107e-01
9.984765281382368407e-01
9.985142388678883707e-01
9.985519495975397897e-01
9.985896603271915417e-01
9.986273710568429607e-01
9.986650817864946017e-01
9.987027925161460207e-01
9.987405032457976617e-01
9.987782139754491917e-01
9.988159247051006107e-01
9.994818811784024204e-01
9.987874732096622132e-01
9.989152548374627960e-01
9.989477591767629283e-01
9.989802635160628386e-01
9.990127678553629709e-01
9.990452721946629921e-01
9.990777765339629024e-01
9.991102808732630347e-01
9.991427852125630560e-01
9.991752895518630773e-01
9.992077938911630985e-01
9.992402982304632308e-01
9.992728025697630301e-01
9.993053069090631624e-01
9.993378112483631837e-01
9.993703155876632049e-01
9.994028199269631152e-01
9.994353242662631365e-01
9.994678286055632688e-01
9.995003329448634011e-01
9.995328372841633113e-01
9.995653416234634436e-01
9.995978459627632429e-01
9.996303503020633752e-01
9.996628546413635075e-01
9.996953589806634177e-01
9.997278633199635500e-01
9.997603676592634603e-01
9.997928719985634816e-01
9.998253763378635028e-01
9.998578806771635241e-01
9.998903850164636564e-01
9.999228893557634557e-01
9.998841130595081950e-01
9.998871371878178538e-01
9.998901613161271795e-01
9.998931854444367273e-01
9.998962095727462751e-01
9.998992337010556009e-01
9.999022578293651486e-01
9.999052819576748075e-01
9.999083060859842442e-01
9.999113302142937920e-01
9.999143543426032288e-01
9.999173784709126656e-01
9.999204025992222133e-01
9.999234267275316501e-01
9.999264508558410869e-01
9.999294749841505237e-01
9.999324991124602935e-01
9.999355232407697303e-01
9.999385473690791670e-01
9.999415714973887148e-01
9.999445956256981516e-01
9.999476197540076994e-01
9.999506438823171361e-01
9.999536680106265729e-01
9.999566921389361207e-01
9.999597162672455575e-01
9.999627403955552163e-01
9.999657645238646531e-01
9.999687886521740898e-01
9.999718127804835266e-01
9.999748369087929634e-01
9.999778610371026222e-01
9.999808851654120589e-01
9.999839092937214957e-01
9.999869334220310435e-01
9.999899575503403693e-01
1.000146303403491643e+00
1.000165853327173782e+00
1.000185403250855476e+00
1.000204953174537614e+00
