9.225650013955170037e-01
9.348500945830875430e-01
9.471351877706581934e-01
9.594202809582287328e-01
9.717053741457994942e-01
9.839904673333701446e-01
9.962755605209407950e-01
1.008560653708511223e+00
1.020845746896081874e+00
1.033130840083652524e+00
1.045415933271223174e+00
1.057701026458793825e+00
1.069986119646364475e+00
1.082271212833935126e+00
1.094556306021505776e+00
1.106841399209076426e+00
1.119126492396647077e+00
1.131411585584217283e+00
1.143696678771788156e+00
1.155981771959358806e+00
1.168266865146929234e+00
1.180551958334499885e+00
1.192837051522070757e+00
1.205122144709641185e+00
1.217407237897211836e+00
1.228257465335014897e+00
1.240415170367362707e+00
1.252572875399710517e+00
1.264730580432058105e+00
1.276888285464406136e+00
1.289045990496753502e+00
1.301203695529101756e+00
1.313361400561449344e+00
1.325519105593796931e+00
1.337676810626144963e+00
1.349834515658492773e+00
1.361992220690840361e+00
1.374149925723188170e+00
1.386307630755535980e+00
1.398465335787883568e+00
1.410623040820231600e+00
1.422780745852579187e+00
1.434938450884926775e+00
1.447305704783341751e+00
1.459615404645163261e+00
1.471925104506985216e+00
1.484234804368807392e+00
1.496544504230629125e+00
1.508854204092451301e+00
1.521163903954273033e+00
1.533473603816094988e+00
1.545783303677916942e+00
1.558093003539738897e+00
1.570402703401561073e+00
1.582712403263382583e+00
1.595022103125204538e+00
1.609657251180932169e+00
1.624699643415213224e+00
1.639742035649494500e+00
1.654784427883775777e+00
1.669826820118057054e+00
1.684869212352338330e+00
1.699911604586619607e+00
1.714953996820900661e+00
1.729996389055181938e+00
1.745038781289463437e+00
1.764860735694170790e+00
1.784133803244468686e+00
1.803406870794766359e+00
1.822679938345063810e+00
1.841953005895361706e+00
1.861226073445659157e+00
1.880499140995957053e+00
1.900401798004419884e+00
1.924646265988126048e+00
1.948890733971831546e+00
1.973135201955537488e+00
1.997379669939243430e+00
2.021624137922949149e+00
2.048375518529462980e+00
2.077853978225068232e+00
2.107332437920672596e+00
2.136810897616276517e+00
2.166289357311881325e+00
2.200198053933545062e+00
2.235693989544949023e+00
2.271189925156352096e+00
2.306685860767755614e+00
2.346282352206731314e+00
2.388375157097809343e+00
2.430467961988887371e+00
2.472560766879964955e+00
2.522300013531276086e+00
2.571589753129654099e+00
2.620879492728031224e+00
2.677461381761225834e+00
2.734605926432452705e+00
2.792063650149033904e+00
2.857737338603035138e+00
2.923411027057034595e+00
2.993939088220851641e+00
3.068462918976090137e+00
3.145622728224418019e+00
3.229584983868736714e+00
3.316016472816138982e+00
3.409781612171078891e+00
3.507670421315326692e+00
3.611890706810126250e+00
3.722615212556946940e+00
3.836896657204839300e+00
3.406908956986294701e+00
3.314995533577759002e+00
3.225093132407140128e+00
3.140506347797764608e+00
3.060663912351301086e+00
2.983888803822428493e+00
2.912150247752496313e+00
2.842996820131361790e+00
2.778261380851341222e+00
2.716344869022707886e+00
2.656565756552101920e+00
2.601600161508577091e+00
2.546634566465053595e+00
2.496619532243825379e+00
2.448396553616968507e+00
2.400173574990111636e+00
2.357434099029043661e+00
2.315441468158720983e+00
2.273448837288398305e+00
2.235862598795640199e+00
2.200069830483315059e+00
2.164277062170990362e+00
2.128484293858665222e+00
2.096578369896727967e+00
2.066590088573568185e+00
2.036601807250408847e+00
2.006613525927249952e+00
1.978543812663836166e+00
1.953664453429712733e+00
1.928785094195589078e+00
1.903905734961465868e+00
1.879026375727342435e+00
1.855614252188591218e+00
1.835556631104497294e+00
1.815499010020401149e+00
1.795441388936306337e+00
1.775383767852211081e+00
1.755326146768115825e+00
1.735266011035331513e+00
1.719646551087085751e+00
1.704027091138839101e+00
1.688407631190593117e+00
1.672788171242346911e+00
1.657168711294100705e+00
1.641549251345854721e+00
1.625929791397608515e+00
1.610404790715501688e+00
1.598815032354427013e+00
1.587225273993352337e+00
1.575635515632276995e+00
1.564045757271202319e+00
1.552455998910127200e+00
1.540866240549052746e+00
1.529276482187977182e+00
1.517686723826902728e+00
1.506096965465827830e+00
1.494507207104753155e+00
1.484544375640360458e+00
1.476456881885214401e+00
1.468369388130067899e+00
1.460281894374921841e+00
1.452194400619775339e+00
1.444106906864628836e+00
1.436019413109482779e+00
1.427931919354336276e+00
1.419844425599189774e+00
1.411756931844043716e+00
1.403669438088896992e+00
1.395581944333750712e+00
1.387494450578604210e+00
1.379406956823458152e+00
1.370812080084688578e+00
1.365555007068831594e+00
1.360297934052975277e+00
1.355040861037118072e+00
1.349783788021261088e+00
1.344526715005404105e+00
1.339269641989547122e+00
1.334012568973690360e+00
1.328755495957833377e+00
1.323498422941976616e+00
1.318241349926119632e+00
1.312984276910263093e+00
1.307727203894405887e+00
1.302470130878549126e+00
1.297213057862692143e+00
1.291955984846835381e+00
1.286698911830978620e+00
1.281441838815121637e+00
1.276184765799264431e+00
1.270927692783407892e+00
1.265287082992496703e+00
1.261985443482255942e+00
1.258683803972015181e+00
1.255382164461774641e+00
1.252080524951533658e+00
1.248778885441292896e+00
1.245477245931051913e+00
1.242175606420811373e+00
1.238873966910570390e+00
1.235572327400329851e+00
1.232270687890088867e+00
1.228969048379848328e+00
1.225667408869607344e+00
1.222365769359366139e+00
1.219064129849125599e+00
1.215762490338884838e+00
1.212460850828644077e+00
1.209159211318403093e+00
1.205857571808162554e+00
1.202555932297921792e+00
1.199254292787680809e+00
1.195952653277440048e+00
1.192651013767199286e+00
1.189349374256958303e+00
1.186047734746717763e+00
1.182746095236476780e+00
1.179444455726236018e+00
1.176142816215995257e+00
1.174813996679633155e+00
1.172656818589898231e+00
1.170499640500163308e+00
1.168342462410428384e+00
1.166185284320693238e+00
1.164028106230958315e+00
1.161870928141223613e+00
1.159713750051488690e+00
1.157556571961753544e+00
1.155399393872018621e+00
1.153242215782283697e+00
1.151085037692548552e+00
1.148927859602813406e+00
1.146770681513078705e+00
1.144613503423344003e+00
1.142456325333608858e+00
1.140299147243873712e+00
1.138141969154138788e+00
1.135984791064403865e+00
1.133827612974668941e+00
1.131670434884934018e+00
1.129513256795198872e+00
1.127356078705463949e+00
1.125198900615729025e+00
1.123041722525994102e+00
1.120884544436259400e+00
1.118727366346524033e+00
1.116570188256789109e+00
1.114413010167054185e+00
1.112255832077319262e+00
1.110098653987584116e+00
1.107941475897849193e+00
1.105784297808114491e+00
1.103627119718379568e+00
1.101469941628644422e+00
1.099312763538909499e+00
1.097155585449174575e+00
1.094998407359439430e+00
1.092841229269704506e+00
1.092847717231477445e+00
1.091161946083488488e+00
1.089476174935499753e+00
1.087790403787510796e+00
1.086104632639521617e+00
1.084418861491532882e+00
1.082733090343543925e+00
1.081047319195554968e+00
1.079361548047566011e+00
1.077675776899577276e+00
1.075990005751588097e+00
1.074304234603599140e+00
1.072618463455610183e+00
1.070932692307621448e+00
1.069246921159632491e+00
1.067561150011643312e+00
1.065875378863654577e+00
1.064189607715665620e+00
1.062503836567676663e+00
1.060818065419687706e+00
1.059132294271698971e+00
1.057446523123710014e+00
1.055760751975720835e+00
1.054074980827731878e+00
1.052389209679743143e+00
1.050703438531754186e+00
1.049017667383765229e+00
1.047331896235776272e+00
1.045646125087787315e+00
1.043960353939798358e+00
1.042274582791809401e+00
1.040588811643820444e+00
1.038903040495831709e+00
1.037217269347842530e+00
1.035531498199853573e+00
1.033845727051864838e+00
1.032159955903875881e+00
1.030474184755886924e+00
1.028788413607897967e+00
1.027102642459909010e+00
1.025416871311920275e+00
1.023731100163931096e+00
1.022045329015942139e+00
1.020359557867953182e+00
1.018673786719964447e+00
1.016988015571975490e+00
1.015302244423986533e+00
1.013616473275997576e+00
1.011930702128008619e+00
1.010244930980019662e+00
1.008559159832030927e+00
1.006873388684041748e+00
1.005187617536052791e+00
1.003501846388063834e+00
1.001816075240075099e+00
1.004314148838630905e+00
1.002125823742184618e+00
9.999374986457384429e-01
9.977491735492927116e-01
9.955608484528467583e-01
9.933725233564005830e-01
9.911841982599545187e-01
9.889958731635084543e-01
9.868075480670625010e-01
9.846192229706163257e-01
9.824308978741700393e-01
9.802425727777241971e-01
9.780542476812779107e-01
9.758659225848320684e-01
9.736775974883857820e-01
9.714892723919399398e-01
9.693009472954936534e-01
9.671126221990478111e-01
9.649242971026017468e-01
9.627359720061556825e-01
9.605476469097096182e-01
9.583593218132632208e-01
9.561709967168174895e-01
9.539826716203715362e-01
9.517943465239253609e-01
9.496060214274789635e-01
9.474176963310332322e-01
9.452293712345872789e-01
9.430410461381411036e-01
9.408527210416948172e-01
9.386643959452489749e-01
9.364760708488030216e-01
9.342877457523568463e-01
9.320994206559107820e-01
9.299110955594647177e-01
9.277227704630186533e-01
9.255344453665722559e-01
9.233461202701265247e-01
9.211577951736804604e-01
9.189694700772343960e-01
9.167811449807881097e-01
9.145928198843422674e-01
9.124044947878962031e-01
9.102161696914501388e-01
9.080278445950038524e-01
9.058395194985580101e-01
9.036511944021119458e-01
9.014628693056658815e-01
8.992745442092195951e-01
8.970862191127737528e-01
8.948978940163276885e-01
8.927095689198816242e-01
8.905212438234353378e-01
8.883329187269892735e-01
8.861445936305432092e-01
8.839562685340970338e-01
8.817679434376510805e-01
8.795796183412052383e-01
8.773912932447589519e-01
8.752029681483127765e-01
8.730146430518667122e-01
8.708263179554209810e-01
8.686379928589749166e-01
8.664496677625285193e-01
8.642613426660827880e-01
8.620730175696368347e-01
8.598846924731904373e-01
8.576963673767443730e-01
8.555080422802983087e-01
8.533197171838524664e-01
8.511313920874064021e-01
8.489430669909601157e-01
8.467547418945140514e-01
8.445664167980683201e-01
8.423780917016219227e-01
8.401897666051758584e-01
8.380014415087297941e-01
