-6.756722512601953667e-07
-1.919360626563060279e-02
-3.182220088710407957e-02
-3.898846946498268906e-02
-4.161426790733235848e-02
-4.047235131407656006e-02
-3.621169270339141821e-02
-2.937820288155346127e-02
-2.043174670956360295e-02
-9.760164782609659362e-03
2.309135474998447179e-03
1.549956875212832319e-02
2.957737945583904793e-02
4.434497700071926563e-02
5.963536361260363128e-02
7.530746390024828374e-02
9.124220094792712121e-02
1.073391921565825524e-01
1.235139609839105423e-01
1.396955792513642769e-01
1.558246696953748955e-01
1.718517106451606380e-01
1.877355946652349283e-01
2.034424011461822834e-01
2.189443495109484328e-01
2.342189052035659469e-01
2.492480151648976128e-01
2.640174532537372665e-01
2.785162591847257785e-01
2.927362571427036819e-01
3.066716423899199517e-01
3.203186259839833627e-01
3.336751292324274809e-01
3.467405207747967788e-01
3.595153902465842433e-01
3.720013533750836099e-01
3.842008841131683283e-01
3.961171700561859632e-01
4.077539879285954072e-01
4.191155963863944511e-01
4.302066437719083702e-01
4.410320887899963904e-01
4.515971323582541053e-01
4.619071591259463760e-01
4.719676873635194614e-01
4.817843261019484902e-01
4.913627385533526626e-01
5.007086109750081837e-01
5.098276262512897450e-01
5.187254415648578920e-01
5.274076696118505936e-01
5.358798628878512771e-01
5.441475006336328191e-01
5.522159780834998699e-01
5.600905977056552798e-01
5.677765621644007554e-01
5.752789687690339493e-01
5.826028052047101946e-01
5.897529463669843874e-01
5.967341521447410146e-01
6.035510660162231034e-01
6.102082143403083636e-01
6.167100062403662042e-01
6.230607339912709319e-01
6.292645738317178550e-01
6.353255871340616201e-01
6.412477218727224981e-01
6.470348143399037300e-01
6.526905910640873332e-01
6.582186708926685004e-01
6.636225672052338265e-01
6.689056902284865602e-01
6.740713494277638107e-01
6.791227559535384373e-01
6.840630251243027260e-01
6.888951789298828343e-01
6.936221485415224874e-01
6.982467768171010114e-01
7.027718207916131554e-01
7.071999541445641579e-01
7.115337696372990850e-01
7.157757815144333291e-01
7.199284278645923241e-01
7.239940729365469396e-01
7.279750094076075095e-01
7.318734606018109101e-01
7.356915826560188609e-01
7.394314666325451091e-01
7.430951405773693619e-01
7.466845715233644265e-01
7.502016674382885331e-01
7.536482791175681539e-01
7.570262020221292243e-01
7.603371780617339537e-01
7.635828973244498385e-01
7.667649997530092687e-01
7.698850767689446872e-01
7.729446728454691939e-01
7.759452870301540850e-01
7.788883744185159941e-01
7.817753475796679341e-01
7.846075779352320589e-01
7.873863970927275080e-01
7.901130981346681237e-01
7.927889368646124924e-01
7.954151330114065388e-01
7.979928713928596817e-01
8.005233030400816796e-01
8.030075462836983036e-01
8.054466878031449895e-01
8.078417836402194130e-01
8.101938601780528382e-01
8.125039150866338877e-01
8.147729182359987332e-01
8.170018125781686180e-01
8.191915149988958644e-01
8.213429171402448770e-01
8.234568861950126717e-01
8.255342656739600438e-01
8.275758761468002822e-01
8.295825159578594787e-01
8.315549619173010498e-01
8.334939699687683445e-01
8.354002758342855550e-01
8.372745956372159570e-01
8.391176265040620752e-01
8.409300471458555082e-01
8.427125184198688279e-01
8.444656838723458847e-01
8.461901702629354149e-01
8.478865880714753223e-01
8.495555319877643452e-01
8.511975813849256278e-01
8.528133007769524987e-01
8.544032402609997856e-01
8.559679359449680058e-01
8.575079103609049014e-01
8.590236728647315800e-01
8.605157200227808723e-01
8.619845359856176392e-01
8.634305928495956683e-01
8.648543510065849205e-01
8.662562594822910134e-01
8.676367562635709518e-01
8.689962686151339044e-01
8.703352133860042805e-01
8.716539973061053770e-01
8.729530172733145355e-01
8.742326606313223225e-01
8.754933054386195845e-01
8.767353207289224626e-01
8.779590667633344614e-01
8.791648952745335643e-01
8.803531497032612840e-01
8.815241654273814342e-01
8.826782699837644186e-01
8.838157832832459482e-01
8.849370178188984415e-01
8.860422788678432582e-01
8.871318646868268099e-01
8.882060667017733779e-01
8.892651696915173654e-01
8.903094519659175976e-01
8.913391855385374152e-01
8.923546362940818488e-01
8.933560641507608535e-01
8.943437232177550156e-01
8.953178619479439382e-01
8.962787232860590647e-01
8.972265448124085996e-01
8.981615588823266272e-01
8.990839927614843186e-01
8.999940687572022258e-01
9.008920043458925608e-01
9.017780122967616885e-01
9.026523007918932917e-01
9.035150735428295610e-01
9.043665299037657590e-01
9.052068649814682955e-01
9.060362697420197842e-01
9.068549311144957770e-01
9.076630320916708738e-01
9.084607518278481342e-01
9.092482657339059360e-01
9.100257455696485476e-01
9.107933595335480081e-01
9.115512723499570313e-01
9.122996453538759765e-01
9.130386365733480503e-01
9.137684008095585675e-01
9.144890897147085473e-01
9.152008518677343663e-01
9.159038328479366387e-01
9.165981753065863824e-01
9.172840190365697532e-01
9.179615010401298569e-01
9.186307555947663683e-01
9.192919143173484686e-01
9.199451062264943912e-01
9.205904578032716445e-01
9.212280930502680931e-01
9.218581335490819706e-01
9.224806985162807837e-01
9.230959048578724069e-01
9.237038672223348845e-01
9.243046980522453548e-01
9.248985076345526135e-01
9.254854041495313988e-01
9.260654937184579216e-01
9.266388804500437226e-01
9.272056664856653807e-01
9.277659520434239360e-01
9.283198354610684433e-01
9.288674132378180737e-01
9.294087800751115180e-01
9.299440289163179996e-01
9.304732509854375389e-01
9.309965358248201150e-01
9.315139713319317005e-01
9.320256437951951467e-01
9.325316379289295687e-01
9.330320369074179832e-01
9.335269223981229603e-01
9.340163745940784912e-01
9.345004722454776092e-01
9.349792926904817447e-01
9.354529118852705771e-01
9.359214044333538096e-01
9.363848436141685161e-01
9.368433014109764922e-01
9.372968485380857029e-01
9.377455544674112575e-01
9.381894874543955654e-01
9.386287145633049889e-01
9.390633016919180953e-01
9.394933135956252679e-01
9.399188139109531104e-01
9.403398651785287443e-01
9.407565288655023172e-01
9.411688653874377142e-01
9.415769341296893469e-01
9.419807934682771222e-01
9.423805007902724684e-01
9.427761125137091858e-01
9.431676841070317785e-01
9.435552701080929250e-01
9.439389241427115218e-01
9.443186989428034028e-01
9.446946463640966130e-01
9.450668174034395630e-01
9.454352622157159436e-01
9.458000301303731705e-01
9.461611696675770178e-01
9.465187285540003215e-01
9.468727537382566339e-01
9.472232914059848241e-01
9.475703869945988345e-01
9.479140852077052593e-01
9.482544300292002903e-01
9.485914647370552455e-01
9.489252319167944538e-01
9.492557734746774889e-01
9.495831306505904124e-01
9.499073440306540217e-01
9.502284535595567627e-01
9.505464985526183019e-01
9.508615177075908642e-01
9.511735491162043310e-01
9.514826302754620935e-01
9.517887980986927676e-01
9.520920889263655429e-01
9.523925385366720509e-01
9.526901821558838579e-01
9.529850544684873581e-01
9.532771896271052814e-01
9.535666212622063709e-01
9.538533824916107795e-01
9.541375059297951822e-01
9.544190236970020447e-01
9.546979674281588224e-01
9.549743682816096424e-01
9.552482569476665741e-01
9.555196636569824875e-01
9.557886181887507160e-01
9.560551498787350777e-01
9.563192876271353615e-01
9.565810599062902764e-01
9.568404947682233042e-01
9.570976198520351197e-01
9.573524623911433551e-01
9.576050492203779241e-01
9.578554067829307961e-01
9.581035611371663263e-01
9.583495379632945843e-01
9.585933625699095684e-01
9.588350599003978569e-01
9.590746545392183631e-01
9.593121707180575219e-01
9.595476323218614656e-01
9.597810628947504030e-01
9.600124856458130962e-01
9.602419234547912019e-01
9.604693988776483726e-01
9.606949341520318875e-01
9.609185512026279241e-01
9.611402716464111373e-01
9.613601167977935402e-01
9.615781076736720223e-01
9.617942649983804992e-01
9.620086092085442520e-01
9.622211604578418953e-01
9.624319386216769745e-01
9.626409633017583012e-01
9.628482538305940253e-01
9.630538292759006636e-01
9.632577084449269744e-01
9.634599098886970081e-01
9.636604519061731100e-01
9.638593525483399871e-01
9.640566296222126130e-01
9.642523006947679720e-01
9.644463830968053042e-01
9.646388939267322993e-01
9.648298500542820122e-01
9.650192681241608339e-01
9.652071645596289606e-01
9.653935555660141388e-01
9.655784571341615719e-01
9.657618850438207669e-01
9.659438548669688762e-01
9.661243819710747527e-01
9.663034815223034979e-01
9.664811684886617238e-01
9.666574576430868593e-01
9.668323635664801685e-01
9.670059006506853683e-01
9.671780831014128443e-01
9.673489249411125757e-01
9.675184400117947670e-01
9.676866419778006323e-01
9.678535443285233297e-01
9.680191603810808232e-01
9.681835032829417820e-01
9.683465860145044068e-01
9.685084213916299589e-01
9.686690220681316577e-01
9.688284005382207242e-01
9.689865691389079050e-01
9.691435400523649157e-01
9.692993253082434757e-01
9.694539367859544843e-01
9.696073862169078961e-01
9.697596851867129608e-01
9.699108451373420481e-01
9.700608773692557252e-01
9.702097930434919748e-01
9.703576031837197746e-01
9.705043186782573716e-01
9.706499502820560288e-01
9.707945086186502426e-01
9.709380041820746543e-01
9.710804473387492086e-01
9.712218483293310056e-01
9.713622172705366209e-01
9.715015641569325622e-01
9.716398988626963051e-01
9.717772311433480192e-01
9.719135706374526507e-01
9.720489268682941386e-01
9.721833092455222092e-01
9.723167270667705253e-01
9.724491895192504121e-01
9.725807056813152718e-01
9.727112845240020178e-01
9.728409349125451966e-01
9.729696656078676842e-01
9.730974852680460696e-01
9.732244024497526125e-01
9.733504256096736640e-01
9.734755631059049952e-01
9.735998231993241436e-01
9.737232140549416659e-01
9.738457437432291863e-01
9.739674202414271287e-01
9.740882514348311316e-01
9.742082451180575919e-01
9.743274089962893347e-01
9.744457506865014107e-01
9.745632777186669093e-01
9.746799975369444535e-01
9.747959175008457100e-01
9.749110448863860245e-01
9.750253868872152951e-01
9.751389506157320808e-01
9.752517431041798357e-01
9.753637713057260461e-01
9.754750420955246026e-01
9.755855622717611864e-01
9.756953385566831116e-01
9.758043775976122935e-01
