-3.351324315647667695e-02
-3.711139369349940320e-02
-4.070954423052212945e-02
-4.430769476754485570e-02
-4.790584530456757500e-02
-5.150399584159032207e-02
-5.510214637861302750e-02
-5.870029691563577456e-02
-6.229844745265847999e-02
-3.729004721007788542e-02
-2.234416139748127486e-02
-7.398275584884507310e-03
7.547610227712104984e-03
2.249349604030886213e-02
3.743938185290546922e-02
5.238526766550222896e-02
6.733115347809885687e-02
8.227703929069560274e-02
6.832885391432140521e-02
8.548803598661665337e-02
1.026472180589117766e-01
1.456385389508505213e-01
1.566833198101068858e-01
1.723377787238624115e-01
1.921655749213265485e-01
2.119933711187909353e-01
2.318211673162553221e-01
2.516489635137194592e-01
2.714767597111836239e-01
2.913045559086480107e-01
3.111323521061123976e-01
3.309601483035765068e-01
3.507879445010407271e-01
3.647984796269858054e-01
3.744880947121757009e-01
3.841777097973655963e-01
3.938673248825553808e-01
4.035569399677452762e-01
4.132465550529351717e-01
4.229361701381249561e-01
4.326257852233147960e-01
4.423154003085045805e-01
4.520050153936945869e-01
4.616946304788844269e-01
4.713842455640743223e-01
4.810738606492641622e-01
4.907634757344540022e-01
5.004530908196438421e-01
5.117902750029570402e-01
5.174538787618865321e-01
5.276174727332877401e-01
5.377810667046888371e-01
5.479446606760901561e-01
5.581082546474910311e-01
5.682718486188922391e-01
5.784354425902934471e-01
5.885990365616944331e-01
5.987626305330957521e-01
6.089262245044968491e-01
6.190898184758978351e-01
6.292534124472992652e-01
6.394170064187001401e-01
6.495806003901013481e-01
6.597441943615024451e-01
6.699077883329035421e-01
6.693940586034621276e-01
6.739448357353888808e-01
6.784956128673155229e-01
6.830463899992424981e-01
6.875971671311692512e-01
6.921479442630958934e-01
6.966987213950228686e-01
7.012494985269493997e-01
7.058002756588762638e-01
7.103510527908030170e-01
7.149018299227297701e-01
7.184826152933289078e-01
7.244247253069694414e-01
7.303668353206100861e-01
7.363089453342508417e-01
7.422510553478911532e-01
7.481931653615320199e-01
7.541352753751724425e-01
7.600773853888131981e-01
7.728378713204406836e-01
7.759581447950755217e-01
7.790784182697102489e-01
7.821986917443451981e-01
7.853189652189797032e-01
7.884392386936145414e-01
7.915595121682491575e-01
7.946797856428839957e-01
7.978000591175188339e-01
8.009203325921534500e-01
8.040406060667881771e-01
8.071608795414227933e-01
8.102811530160577425e-01
8.134014264906924696e-01
8.165216999653270857e-01
8.214954373501800466e-01
8.257444331683555516e-01
8.299934289865308346e-01
8.342424248047062285e-01
8.384914206228818445e-01
8.427404164410570164e-01
8.405644529500229112e-01
8.425969120075871288e-01
8.446293710651511244e-01
8.466618301227155641e-01
8.507144459135999037e-01
8.535002713187769263e-01
8.562860967239539489e-01
8.590719221291311936e-01
8.618577475343081051e-01
8.646435729394852387e-01
8.674293983446623724e-01
8.702152237498392839e-01
8.730010491550163065e-01
8.757868745601934402e-01
8.785726999653705738e-01
8.813585253705477074e-01
8.841443507757246190e-01
8.869301761809017526e-01
8.897160015860788862e-01
8.925018269912560198e-01
8.952876523964328204e-01
8.980734778016099540e-01
8.989647593849520169e-01
9.003615123200640058e-01
9.017582652551761058e-01
9.031550181902880947e-01
9.045517711253999726e-01
9.059485240605119616e-01
9.073452769956238395e-01
9.087420299307359395e-01
9.101387828658480394e-01
9.115355358009598064e-01
9.129322887360719063e-01
9.143290416711837842e-01
9.157257946062957732e-01
9.171225475414077621e-01
9.185193004765196401e-01
9.199160534116316290e-01
9.213128063467436180e-01
9.227095592818554959e-01
9.241063122169675959e-01
9.255030651520795848e-01
9.268998180871915737e-01
9.282965710223034517e-01
9.304590740621589973e-01
9.316836615277304112e-01
9.329082489933019362e-01
9.341328364588732391e-01
9.353574239244447641e-01
9.365820113900161781e-01
9.378065988555875920e-01
9.390311863211588950e-01
9.402557737867304199e-01
9.414803612523018339e-01
9.427049487178734699e-01
9.439295361834449949e-01
9.451541236490162978e-01
9.463787111145877118e-01
9.476032985801591257e-01
9.488278860457306507e-01
9.500524735113019537e-01
9.512770609768733676e-01
9.525016484424447816e-01
9.537262359080161955e-01
9.549508233735877205e-01
9.561754108391592455e-01
9.573999983047305484e-01
9.586245857703020734e-01
9.598491732358734874e-01
9.610737607014449013e-01
9.595353699104497425e-01
9.601470798679915264e-01
9.607587898255337544e-01
9.613704997830754273e-01
9.619822097406174333e-01
9.625939196981594392e-01
9.632056296557014452e-01
9.638173396132432291e-01
9.644290495707853461e-01
9.650407595283272411e-01
9.656524694858692470e-01
9.662641794434110309e-01
9.668758894009529259e-01
9.674875993584949319e-01
9.680853894555058181e-01
9.687320701371837650e-01
9.693787508188618229e-01
9.700254315005398809e-01
9.706721121822179388e-01
9.713187928638961077e-01
9.719654735455741656e-01
9.726121542272521125e-01
9.732588349089302815e-01
9.739055155906084504e-01
9.745521962722863973e-01
9.751988769539644553e-01
9.772098959387004458e-01
9.775568593353661795e-01
9.779038227320315801e-01
9.782507861286973139e-01
9.785977495253628256e-01
9.789447129220283372e-01
9.792916763186939599e-01
9.796386397153594716e-01
9.799856031120252053e-01
9.803325665086906060e-01
9.806795299053562287e-01
9.810264933020218514e-01
9.813734566986875851e-01
9.817204200953529858e-01
9.820673834920184975e-01
9.824143468886842312e-01
9.827613102853497429e-01
9.831082736820152546e-01
9.834552370786808773e-01
9.838022004753462779e-01
9.848543543753615070e-01
9.853889703197091787e-01
9.859235862640569614e-01
9.855527610491785495e-01
9.857717877358427305e-01
9.859908144225072446e-01
9.860425171938516087e-01
9.863331975191322876e-01
9.866238778444128554e-01
9.869145581696937564e-01
9.872052384949745463e-01
9.874959188202554472e-01
9.877865991455361261e-01
9.880772794708170270e-01
9.883679597960977059e-01
9.886586401213784958e-01
9.889493204466595078e-01
9.892400007719400756e-01
9.895306810972210876e-01
9.898213614225017665e-01
9.901120417477824454e-01
9.904027220730633463e-01
9.906934023983441362e-01
9.909840827236249261e-01
9.912747630489057160e-01
9.915654433741863949e-01
9.918561236994672958e-01
9.921468040247483078e-01
9.924374843500289867e-01
9.927281646753096656e-01
9.921492905047453181e-01
9.921895207868969280e-01
9.922297510690486488e-01
9.922699813512003697e-01
9.923102116333520906e-01
9.923504419155038114e-01
9.923906721976555323e-01
9.924309024798072532e-01
9.939306620328736130e-01
9.940380345865362788e-01
9.941454071401987225e-01
9.942527796938612772e-01
9.943601522475238319e-01
9.944675248011863866e-01
9.945748973548490524e-01
9.946822699085117181e-01
9.947896424621743838e-01
9.948970150158368275e-01
9.950043875694993822e-01
9.951117601231619370e-01
9.952191326768246027e-01
9.953265052304871574e-01
9.954338777841498231e-01
9.955412503378122668e-01
9.956486228914748216e-01
9.957559954451374873e-01
9.958633679988001530e-01
9.959707405524627077e-01
9.960781131061252625e-01
9.961854856597875951e-01
9.962928582134502609e-01
9.964002307671129266e-01
9.965076033207754813e-01
9.966149758744381471e-01
9.967223484281008128e-01
9.968297209817633675e-01
9.969370935354258112e-01
9.976188535293137871e-01
9.977848425494264539e-01
9.963543339871062665e-01
9.972337071611039327e-01
9.972955580112887741e-01
9.973574088614735045e-01
9.974192597116583459e-01
9.974811105618431872e-01
9.975429614120279176e-01
9.976048122622125369e-01
9.976666631123973783e-01
9.977285139625821087e-01
9.977903648127670611e-01
9.978522156629517914e-01
9.979140665131365218e-01
9.979759173633212521e-01
9.980377682135062045e-01
9.980996190636910459e-01
9.981614699138757762e-01
9.982233207640606176e-01
9.982851716142454590e-01
9.983470224644300783e-01
9.984088733146148087e-01
9.984707241647997611e-01
9.985325750149844914e-01
9.985944258651694438e-01
9.986562767153540632e-01
9.987181275655390156e-01
9.987799784157236349e-01
9.988418292659084763e-01
9.989036801160933177e-01
9.989655309662781590e-01
9.990273818164627784e-01
9.990892326666475087e-01
9.991510835168323501e-01
9.992129343670171915e-01
9.992747852172020329e-01
9.990474280570729171e-01
9.990700347046934660e-01
9.990926413523140148e-01
9.991152479999343416e-01
9.991378546475550015e-01
9.991604612951756614e-01
9.991830679427960993e-01
9.992056745904166482e-01
9.992282812380371970e-01
9.992508878856576349e-01
9.992734945332781837e-01
9.992961011808987326e-01
9.993187078285193925e-01
9.993413144761398303e-01
9.993639211237601572e-01
9.993865277713805950e-01
9.994091344190012549e-01
9.994317410666218038e-01
9.994543477142425747e-01
9.994769543618627905e-01
9.994995610094832283e-01
9.995221676571038882e-01
9.995447743047244371e-01
9.995673809523448750e-01
9.995899875999654238e-01
9.996125942475859727e-01
9.996352008952065216e-01
9.995991996361794918e-01
9.996016753528080834e-01
9.996041510694364529e-01
9.996066267860648225e-01
9.996091025026931920e-01
9.996115782193215615e-01
9.996140539359500421e-01
9.996165296525784116e-01
9.996190053692066702e-01
9.996214810858353728e-01
9.999893378040891623e-01
9.999878677149806050e-01
9.999863976258718257e-01
9.999849275367634904e-01
9.999834574476548221e-01
9.999819873585463759e-01
9.999805172694377076e-01
9.999790471803289282e-01
9.999775770912205930e-01
9.999761070021118137e-01
9.997939929346927324e-01
9.998053777142431597e-01
9.998167624937933651e-01
9.998281472733439035e-01
9.998395320528942198e-01
9.998509168324445362e-01
9.998623016119948526e-01
9.998736863915453910e-01
9.998850711710957073e-01
9.998964559506459127e-01
9.999078407301964511e-01
9.999192255097467674e-01
9.999306102892970838e-01
9.999419950688474001e-01
9.999533798483978275e-01
9.999647646279481439e-01
9.999761494074984602e-01
9.999875341870489986e-01
9.999989189665992040e-01
1.000010303746149631e+00
1.000021688525699837e+00
1.000033073305250264e+00
1.000044458084800691e+00
1.000055842864350897e+00
1.000067227643901546e+00
1.000078612423451752e+00
1.000089997203002179e+00
1.000101381982552384e+00
