8.838385363036790343e-01
8.972004397977976220e-01
9.105623432919163207e-01
9.239242467860349084e-01
9.372861502801536071e-01
9.506480537742723058e-01
9.640099572683908935e-01
9.773718607625094812e-01
9.907337642566280689e-01
1.004095667750746657e+00
1.017457571244865244e+00
1.030819474738983832e+00
1.044181378233102642e+00
1.057543281727221451e+00
1.070905185221339817e+00
1.084267088715458405e+00
1.097628992209577214e+00
1.110990895703695802e+00
1.124352799197814390e+00
1.137714702691932978e+00
1.151076606186051565e+00
1.164438509680170153e+00
1.177800413174288741e+00
1.191162316668407550e+00
1.204524220162526138e+00
1.217886123656644726e+00
1.231248027150763313e+00
1.244609930644881901e+00
1.257971834139000489e+00
1.271333737633119076e+00
1.284695641127237664e+00
1.298057544621356252e+00
1.311419448115475062e+00
1.323510563146893082e+00
1.335285864353176200e+00
1.347061165559458429e+00
1.358836466765741546e+00
1.370611767972024220e+00
1.382387069178306893e+00
1.394162370384589567e+00
1.405937671590872240e+00
1.417712972797155135e+00
1.429488274003437587e+00
1.441263575209720482e+00
1.453038876416003156e+00
1.464814177622286051e+00
1.476589478828568724e+00
1.488364780034851398e+00
1.500140081241134071e+00
1.511915382447416745e+00
1.523690683653699418e+00
1.535465984859982091e+00
1.547241286066264765e+00
1.559016587272547660e+00
1.570791888478830334e+00
1.582567189685112785e+00
1.594342490891396125e+00
1.606117792097678354e+00
1.617893093303961471e+00
1.629668394510243701e+00
1.641443695716526374e+00
1.653218996922809492e+00
1.677206296542936403e+00
1.698375443035625043e+00
1.719544589528313683e+00
1.740713736021002767e+00
1.761882882513691184e+00
1.783052029006380046e+00
1.804221175499068908e+00
1.825390321991757325e+00
1.846559468484445965e+00
1.867728614977134827e+00
1.888897761469823244e+00
1.910066907962512106e+00
1.931236054455200968e+00
1.952405200947889385e+00
1.973574347440578691e+00
1.994743493933266887e+00
2.015912640425955527e+00
2.037081786918644610e+00
2.058250933411333250e+00
2.079420079904021890e+00
2.100589226396710529e+00
2.121758372889399613e+00
2.142927519382088253e+00
2.164096665874776448e+00
2.185265812367465532e+00
2.206434958860154172e+00
2.347716580503652839e+00
2.401110536633712655e+00
2.454504492763772916e+00
2.507898448893832732e+00
2.561292405023892549e+00
2.614686361153952809e+00
2.668080317284011738e+00
2.721474273414071554e+00
2.774868229544132259e+00
2.828262185674192963e+00
2.881656141804252780e+00
2.935050097934311708e+00
2.988444054064371969e+00
3.041838010194432229e+00
3.095231966324492046e+00
3.148625922454551418e+00
3.202019878584611234e+00
3.255413834714671495e+00
3.308807790844732200e+00
3.362201746974792016e+00
3.415595703104850944e+00
3.468989659234911205e+00
3.072856603278772081e+00
3.031270006726503041e+00
2.989683410174233558e+00
2.948096813621964074e+00
2.906510217069694590e+00
2.864923620517425551e+00
2.823337023965156067e+00
2.781750427412886584e+00
2.740163830860616656e+00
2.698577234308348505e+00
2.656990637756078577e+00
2.615404041203807317e+00
2.573817444651538278e+00
2.532230848099268794e+00
2.490644251546999310e+00
2.449057654994730715e+00
2.407471058442460787e+00
2.365884461890191304e+00
2.324297865337922264e+00
2.282711268785652337e+00
2.241124672233383297e+00
2.199538075681113813e+00
2.157951479128844330e+00
2.116364882576574846e+00
2.074778286024305807e+00
2.033191689472035879e+00
1.991605092919767062e+00
1.910031721459505505e+00
1.895155253258616002e+00
1.880278785057726720e+00
1.865402316856837217e+00
1.850525848655948380e+00
1.835649380455058211e+00
1.820772912254169373e+00
1.805896444053280092e+00
1.791019975852390367e+00
1.776143507651500864e+00
1.761267039450611582e+00
1.746390571249722301e+00
1.731514103048832798e+00
1.716637634847943961e+00
1.701761166647054457e+00
1.686884698446165398e+00
1.672008230245275673e+00
1.657131762044386392e+00
1.642255293843496888e+00
1.627378825642608051e+00
1.612502357441718548e+00
1.597625889240829267e+00
1.582749421039939763e+00
1.567872952839050482e+00
1.552996484638160757e+00
1.538120016437271698e+00
1.523243548236381972e+00
1.508367080035493135e+00
1.493490611834602966e+00
1.478614143633714351e+00
1.463737675432824625e+00
1.445826783481434674e+00
1.440158195166397315e+00
1.434489606851359733e+00
1.428821018536322152e+00
1.423152430221284570e+00
1.417483841906246989e+00
1.411815253591209407e+00
1.406146665276171825e+00
1.400478076961134244e+00
1.394809488646097106e+00
1.389140900331059081e+00
1.383472312016021499e+00
1.377803723700984362e+00
1.372135135385946336e+00
1.366466547070908755e+00
1.360797958755871173e+00
1.355129370440833592e+00
1.349460782125796454e+00
1.343792193810758429e+00
1.338123605495721291e+00
1.332455017180683265e+00
1.326786428865646128e+00
1.321117840550608546e+00
1.315449252235570965e+00
1.309780663920533383e+00
1.304112075605495358e+00
1.298443487290458220e+00
1.292774898975420639e+00
1.287106310660383057e+00
1.281437722345345698e+00
1.275769134030307894e+00
1.270100545715269869e+00
1.264431957400232731e+00
1.258763369085194705e+00
1.253094780770157568e+00
1.247426192455119764e+00
1.241757604140082405e+00
1.240078163372753117e+00
1.237362316260138817e+00
1.234646469147523851e+00
1.231930622034909550e+00
1.229214774922294584e+00
1.226498927809680062e+00
1.223783080697065540e+00
1.221067233584451017e+00
1.218351386471836051e+00
1.215635539359221307e+00
1.212919692246606784e+00
1.210203845133992484e+00
1.207487998021377518e+00
1.204772150908762773e+00
1.202056303796148251e+00
1.199340456683533729e+00
1.196624609570919207e+00
1.193908762458304462e+00
1.191192915345689718e+00
1.188477068233075196e+00
1.185761221120460451e+00
1.183045374007845707e+00
1.180329526895231185e+00
1.177613679782616662e+00
1.174897832670001918e+00
1.172181985557387174e+00
1.169466138444772652e+00
1.166750291332158129e+00
1.164034444219543163e+00
1.161318597106928641e+00
1.158602749994314118e+00
1.155886902881699374e+00
1.153171055769084630e+00
1.150455208656470107e+00
1.147739361543855585e+00
1.145023514431240841e+00
1.142307667318626319e+00
1.139591820206011574e+00
1.136875973093397052e+00
1.134160125980782308e+00
1.131444278868167785e+00
1.128728431755553041e+00
1.129460574444233423e+00
1.127679870504164183e+00
1.125899166564094944e+00
1.124118462624025261e+00
1.122337758683956022e+00
1.120557054743886560e+00
1.118776350803817099e+00
1.116995646863747860e+00
1.115214942923678398e+00
1.113434238983608937e+00
1.111653535043539698e+00
1.109872831103470237e+00
1.108092127163400775e+00
1.106311423223331314e+00
1.104530719283262075e+00
1.102750015343192613e+00
1.100969311403123152e+00
1.099188607463053691e+00
1.097407903522984451e+00
1.095627199582914768e+00
1.093846495642845751e+00
1.092065791702776067e+00
1.090285087762706828e+00
1.088504383822637367e+00
1.086723679882568128e+00
1.084942975942498666e+00
1.083162272002429205e+00
1.081381568062359744e+00
1.079600864122290504e+00
1.077820160182221043e+00
1.076039456242151804e+00
1.074258752302082343e+00
1.072478048362012659e+00
1.070697344421943198e+00
1.068916640481874181e+00
1.067135936541804719e+00
1.065355232601735258e+00
1.063574528661666019e+00
1.061793824721596557e+00
1.060013120781527096e+00
1.058232416841457635e+00
1.056451712901388396e+00
1.054671008961318934e+00
1.052890305021249473e+00
1.051109601081180012e+00
1.049328897141110772e+00
1.049474321926936904e+00
1.047791744250609947e+00
1.046109166574283211e+00
1.044426588897956254e+00
1.042744011221629519e+00
1.041061433545302561e+00
1.039378855868975826e+00
1.037696278192649091e+00
1.036013700516322134e+00
1.034331122839995176e+00
1.032648545163668219e+00
1.030965967487341706e+00
1.029283389811014748e+00
1.027600812134687569e+00
1.025918234458360834e+00
1.024235656782034098e+00
1.022553079105707141e+00
1.020870501429380184e+00
1.019187923753053449e+00
1.017505346076726713e+00
1.015822768400399534e+00
1.014140190724072799e+00
1.012457613047746063e+00
1.010775035371419106e+00
1.009092457695092149e+00
1.007409880018765413e+00
1.005727302342438678e+00
1.004044724666111721e+00
1.002362146989784764e+00
1.000679569313458028e+00
9.989969916371312930e-01
9.973144139608042247e-01
9.956318362844773784e-01
9.939492586081505321e-01
9.922666809318237968e-01
9.905841032554968395e-01
9.889015255791697712e-01
9.872189479028431469e-01
9.855363702265163006e-01
9.838537925501892323e-01
9.821712148738622750e-01
9.804886371975357617e-01
9.788060595212086934e-01
9.771234818448817361e-01
9.754409041685548898e-01
9.737583264922281545e-01
9.720757488159011972e-01
9.703931711395743509e-01
9.687105934632475046e-01
9.670280157869207693e-01
9.653454381105938120e-01
9.639856309785613808e-01
9.616382937987877355e-01
9.592909566190136461e-01
9.569436194392396677e-01
9.545962822594656894e-01
9.522489450796918220e-01
9.499016078999178436e-01
9.475542707201439763e-01
9.452069335403698869e-01
9.428595963605959085e-01
9.405122591808220411e-01
9.381649220010480628e-01
9.358175848212740844e-01
9.334702476414999950e-01
9.311229104617260166e-01
9.287755732819519272e-01
9.264282361021781709e-01
9.240808989224043035e-01
9.217335617426303251e-01
9.193862245628561247e-01
9.170388873830823684e-01
9.146915502033085010e-01
9.123442130235344116e-01
9.099968758437604333e-01
9.076495386639865659e-01
9.053022014842126985e-01
9.029548643044384981e-01
9.006075271246645197e-01
8.982601899448907634e-01
8.959128527651167850e-01
8.935655155853428067e-01
8.912181784055686062e-01
8.888708412257948499e-01
8.865235040460208715e-01
8.841761668662467821e-01
8.818288296864729148e-01
8.794814925066990474e-01
8.771341553269249580e-01
8.747868181471508686e-01
8.724394809673771123e-01
8.700921437876031339e-01
8.677448066078291555e-01
8.653974694280549551e-01
8.630501322482810878e-01
8.607027950685072204e-01
8.583554578887333530e-01
8.560081207089592636e-01
8.536607835291853963e-01
8.513134463494115289e-01
8.489661091696374395e-01
8.466187719898634612e-01
8.442714348100894828e-01
8.419240976303157264e-01
8.395767604505416370e-01
8.372294232707675476e-01
8.348820860909936803e-01
