7.196778239994523757e+24
7.472051200914490223e+07
4.667254292108117603e+06
9.208730948239503196e+05
2.908936355118362117e+05
1.188978421329897537e+05
5.719001041401322436e+04
3.077481483674147967e+04
1.797548797226289753e+04
1.117669137478121957e+04
7.299857475741620874e+03
4.960914386748813740e+03
3.483461179588972755e+03
2.513909426958761287e+03
1.856861728084853894e+03
1.399183745918750446e+03
1.072716498537993857e+03
8.349659111163365424e+02
6.586361908100327582e+02
5.257278892538510036e+02
4.240925450324320423e+02
3.453588284961473960e+02
2.836497088412314156e+02
2.347692843189562950e+02
1.956758355652830801e+02
1.641334648627450576e+02
1.384775691753520732e+02
1.174543008174344578e+02
1.001089832475496308e+02
8.570745461707406321e+01
7.367989659458382334e+01
6.358023416864698163e+01
5.505645935171565952e+01
4.782871185339350717e+01
4.167293041367102546e+01
3.640854713497472517e+01
3.188914524709682041e+01
2.799530927082536280e+01
2.462911138977469960e+01
2.170982903842106282e+01
1.917059618972259472e+01
1.695576794512471963e+01
1.501883386245645191e+01
1.332075622135898030e+01
1.182863942739184004e+01
1.051465900483160887e+01
9.355195247403580439e+00
8.330129095929805771e+00
7.422267275094788452e+00
6.616870930842157605e+00
5.901267535069462333e+00
5.264530082987148418e+00
4.697210909049059246e+00
4.191120018760022603e+00
3.739139847094740787e+00
3.335069938416029167e+00
2.973496294972377108e+00
2.649681135264120968e+00
2.359469596334986541e+00
2.099210548798309262e+00
1.865689203663913887e+00
1.656069601784400547e+00
1.467845410233780790e+00
1.298797721006557104e+00
1.146958768523832717e+00
1.010580663370610921e+00
8.881083882367883930e-01
7.781564243721659224e-01
6.794884779215339954e-01
5.909998592260161665e-01
5.117021377314716624e-01
4.407097530893913095e-01
3.772283114367915857e-01
3.205443363752364938e-01
2.700162781994626116e-01
2.250666135658194733e-01
1.851748919509592639e-01
1.498716056792930296e-01
1.187327776087809816e-01
9.137517526618443853e-02
6.745207273463948994e-02
4.664949226647729930e-02
2.868286671185837911e-02
1.329407166012730457e-02
2.487828870694208661e-04
-1.066587954404729643e-02
-1.964345422523661178e-02
-2.686001781497671104e-02
-3.247586665076207524e-02
-3.663702310132377349e-02
-3.947658642768181458e-02
-4.111594551806274644e-02
-4.166586877129851985e-02
-4.122748458281011441e-02
-3.989316429956557553e-02
-3.774731812364884309e-02
-3.486711323114888295e-02
-3.132312231070255581e-02
-2.717990979429318887e-02
-2.249656223459750581e-02
-1.732716856362115365e-02
-1.172125533379786422e-02
-5.724181484198398451e-03
6.225033184862338587e-04
7.280733150164975243e-03
1.421562988216784618e-02
2.139523392945763547e-02
2.879025910971910740e-02
3.637386929754082843e-02
4.412147479668804273e-02
7.827450950476232405e-01
7.842230046774378849e-01
7.856862652070268904e-01
7.871350634786069556e-01
7.885695834922639147e-01
7.899900064543847744e-01
7.913965108252329905e-01
7.927892723656813079e-01
7.941684641831141533e-01
7.955342567765139039e-01
7.968868180807431312e-01
7.982263135100372553e-01
7.995529060007181554e-01
8.008667560531452789e-01
8.021680217729126872e-01
8.034568589113076920e-01
8.047334209050437392e-01
8.059978589152770878e-01
8.072503218659226043e-01
8.084909564812801097e-01
8.097199073229808253e-01
8.109373168262710152e-01
8.121433253356378223e-01
8.133380711397949492e-01
8.145216905060357337e-01
8.156943177139670542e-01
8.168560850886330549e-01
8.180071230330430154e-01
8.191475600601094698e-01
8.202775228240121175e-01
8.213971361509944114e-01
8.225065230696047003e-01
8.236058048403926968e-01
8.246951009850689296e-01
8.257745293151401711e-01
8.268442059600275007e-01
8.279042453946789948e-01
8.289547604666853697e-01
8.299958624229061277e-01
8.310276609356201938e-01
8.320502641282032652e-01
8.330637786003467493e-01
8.340683094528225094e-01
8.350639603118048537e-01
8.360508333527557623e-01
8.370290293238838997e-01
8.379986475691827419e-01
8.389597860510585869e-01
8.399125413725531120e-01
8.408570087991710240e-01
8.417932822803182447e-01
8.427214544703588439e-01
8.436416167492972740e-01
8.445538592430943403e-01
8.454582708436211291e-01
8.463549392282616601e-01
8.472439508791669294e-01
8.481253911021691128e-01
8.489993440453624807e-01
8.498658927173560196e-01
8.507251190052049772e-01
8.515771036920269932e-01
8.524219264743089219e-01
8.532596659789100091e-01
8.540903997797675284e-01
8.549142044143094310e-01
8.557311553995815556e-01
8.565413272480921769e-01
8.573447934833813289e-01
8.581416266553193450e-01
8.589318983551396114e-01
8.597156792302095285e-01
8.604930389985483430e-01
8.612640464630902937e-01
8.620287695257042859e-01
8.627872752009715374e-01
8.635396296297239704e-01
8.642858980923524559e-01
8.650261450218854620e-01
8.657604340168428836e-01
8.664888278538722677e-01
8.672113885001661027e-01
8.679281771256702749e-01
8.686392541150824709e-01
8.693446790796479640e-01
8.700445108687545615e-01
8.707388075813311534e-01
8.714276265770535268e-01
8.721110244873612194e-01
8.727890572262881896e-01
8.734617800011106326e-01
8.741292473228177151e-01
8.747915130164043429e-01
8.754486302309936185e-01
8.761006514497883257e-01
8.767476284998572122e-01
8.773896125617584030e-01
8.780266541790020529e-01
8.786588032673561255e-01
8.792861091239979610e-01
8.799086204365145214e-01
8.805263852917536438e-01
8.811394511845292987e-01
8.817478650261841855e-01
8.823516731530103296e-01
8.829509213345329011e-01
8.835456547816571415e-01
8.841359181546837309e-01
8.847217555711910375e-01
8.853032106137912471e-01
8.858803263377584836e-01
8.864531452785348042e-01
8.870217094591128504e-01
8.875860603973007024e-01
8.881462391128680522e-01
8.887022861345780234e-01
8.892542415071055251e-01
8.898021447978448073e-01
8.903460351036072140e-01
8.908859510572124663e-01
8.914219308339746961e-01
8.919540121580835645e-01
8.924822323088862364e-01
8.930066281270674367e-01
8.935272360207326958e-01
8.940440919713947832e-01
8.945572315398656604e-01
8.950666898720555098e-01
8.955725017046805014e-01
8.960747013708802999e-01
8.965733228057488624e-01
8.970683995517768627e-01
8.975599647642100720e-01
8.980480512163239171e-01
8.985326913046163266e-01
8.990139170539187541e-01
8.994917601224288184e-01
8.999662518066646744e-01
9.004374230463431106e-01
9.009053044291813750e-01
9.013699261956263920e-01
9.018313182435103714e-01
9.022895101326349199e-01
9.027445310892854291e-01
9.031964100106758542e-01
9.036451754693265448e-01
9.040908557173740201e-01
9.045334786908162394e-01
9.049730720136933693e-01
9.054096630022044900e-01
9.058432786687625748e-01
9.062739457259885167e-01
9.067016905906438717e-01
9.071265393875058702e-01
9.075485179531831426e-01
9.079676518398743790e-01
9.083839663190715896e-01
9.087974863852070762e-01
9.092082367592458914e-01
9.096162418922267845e-01
9.100215259687475244e-01
9.104241129104012620e-01
9.108240263791604896e-01
9.112212897807112633e-01
9.116159262677387964e-01
9.120079587431640933e-01
9.123974098633336194e-01
9.127843020411610109e-01
9.131686574492247077e-01
9.135504980228186245e-01
9.139298454629587454e-01
9.143067212393465315e-01
9.146811465932888074e-01
9.150531425405751262e-01
9.154227298743139452e-01
9.157899291677272791e-01
9.161547607769056079e-01
9.165172448435224828e-01
9.168774012975103860e-01
9.172352498596988424e-01
9.175908100444132298e-01
9.179441011620379509e-01
9.182951423215420794e-01
9.186439524329695905e-01
9.189905502098933976e-01
9.193349541718359719e-01
9.196771826466536570e-01
9.200172537728894540e-01
9.203551855020903893e-01
9.206909956010941309e-01
9.210247016542824072e-01
9.213563210658027858e-01
9.216858710617595873e-01
9.220133686923740468e-01
9.223388308341147201e-01
9.226622741917970272e-01
9.229837153006548167e-01
9.233031705283822888e-01
9.236206560771486052e-01
9.239361879855830795e-01
9.242497821307344985e-01
9.245614542300019112e-01
9.248712198430405484e-01
9.251790943736404316e-01
9.254850930715784463e-01
9.257892310344469911e-01
9.260915232094563132e-01
9.263919843952123090e-01
9.266906292434706760e-01
9.269874722608665296e-01
9.272825278106208158e-01
9.275758101142240752e-01
9.278673332530963380e-01
9.281571111702258126e-01
9.284451576717845933e-01
9.287314864287226079e-01
9.290161109783410254e-01
9.292990447258439035e-01
9.295803009458686317e-01
9.298598927839969441e-01
9.301378332582451725e-01
9.304141352605342918e-01
9.306888115581415377e-01
9.309618747951313722e-01
9.312333374937685759e-01
9.315032120559123552e-01
9.317715107643915751e-01
9.320382457843622293e-01
9.323034291646474792e-01
9.325670728390590414e-01
9.328291886277022549e-01
9.330897882382634956e-01
9.333488832672810487e-01
9.336064852013988835e-01
9.338626054186047742e-01
9.341172551894519893e-01
9.343704456782653267e-01
9.346221879443310510e-01
9.348724929430715092e-01
9.351213715272056470e-01
9.353688344478927608e-01
9.356148923558629260e-01
9.358595558025325500e-01
9.361028352411053799e-01
9.363447410276592997e-01
9.365852834222201384e-01
9.368244725898202674e-01
9.370623186015448747e-01
9.372988314355653605e-01
9.375340209781574119e-01
9.377678970247089740e-01
9.380004692807133448e-01
9.382317473627505011e-01
9.384617407994563232e-01
9.386904590324793851e-01
9.389179114174251994e-01
9.391441072247894706e-01
9.393690556408790249e-01
9.395927657687214163e-01
9.398152466289634299e-01
9.400365071607580392e-01
9.402565562226402607e-01
9.404754025933925732e-01
9.406930549728991231e-01
9.409095219829894940e-01
9.411248121682725953e-01
9.413389339969588931e-01
9.415518958616743150e-01
9.417637060802624971e-01
9.419743728965783713e-01
9.421839044812708730e-01
9.423923089325576541e-01
9.425995942769886948e-01
9.428057684702012553e-01
9.430108393976665004e-01
9.432148148754249117e-01
9.434177026508152597e-01
9.436195104031929182e-01
9.438202457446401850e-01
9.440199162206679429e-01
9.442185293109092159e-01
9.444160924298035109e-01
9.446126129272736094e-01
9.448080980893940328e-01
9.450025551390518475e-01
9.451959912365985872e-01
9.453884134804956263e-01
9.455798289079506702e-01
9.457702444955479182e-01
9.459596671598695661e-01
