8.380790891613202342e-01
8.384726919722628180e-01
8.388662947832054018e-01
8.394382815877996507e-01
8.406980410556410543e-01
8.419578005234825691e-01
8.432238971568930541e-01
8.453497760279128359e-01
8.474756548989326177e-01
8.497720243026446463e-01
8.526768837603218021e-01
8.555817432179990689e-01
8.588052683428528677e-01
8.625298713018707542e-01
8.662544742608886406e-01
8.700570694451159603e-01
8.745876421148082169e-01
8.791182147845000294e-01
8.839352509615623354e-01
8.891568902270408081e-01
8.943785294925191698e-01
8.996001687579977535e-01
9.058164403323633040e-01
9.117276978368988871e-01
9.176389553414345812e-01
9.245476367738857393e-01
9.311151265172296076e-01
9.376826162605736981e-01
9.451410313624480919e-01
9.523262851007083807e-01
9.595115388389688915e-01
9.675264587369718505e-01
9.752500266659311912e-01
9.829735945948903098e-01
9.914600996164412150e-01
9.996703684667677114e-01
1.007880637317094319e+00
1.016834040410942830e+00
1.025441358846703288e+00
1.034048677282463746e+00
1.043323613220184853e+00
1.052322856626161096e+00
1.061322100032137117e+00
1.070922391952306985e+00
1.080198402266839608e+00
1.089474412581372231e+00
1.099327251706913922e+00
1.108816031112255462e+00
1.118304810517597225e+00
1.128205935447063712e+00
1.137949170917833319e+00
1.147692406388602926e+00
1.157435641859372533e+00
1.167604282415875883e+00
1.177337897278225798e+00
1.187071512140575713e+00
1.197345189328934856e+00
1.207127792636288222e+00
1.216910395943642254e+00
1.227186917916081033e+00
1.236924880493174062e+00
1.246662843070266868e+00
1.256861815753535172e+00
1.266469551883760314e+00
1.276077288013985234e+00
1.285685024144210598e+00
1.295738046154275347e+00
1.305208823061252632e+00
1.314679599968229695e+00
1.324298419087020839e+00
1.333588129956251978e+00
1.342877840825483782e+00
1.352540028124132432e+00
1.361484445446162761e+00
1.370428862768192868e+00
1.379373280090223419e+00
1.388489874569679428e+00
1.397076715433644312e+00
1.405663556297609640e+00
1.414651760177000117e+00
1.422858638316303770e+00
1.431065516455607201e+00
1.439272394594911075e+00
1.447560557485978006e+00
1.455300153207805813e+00
1.463039748929633843e+00
1.471224169482404198e+00
1.478517036610002444e+00
1.485809903737600690e+00
1.493102770865198714e+00
1.500485192441161297e+00
1.507277444269382816e+00
1.514069696097604778e+00
1.520861947925826518e+00
1.527511194636791192e+00
1.533763351283679244e+00
1.540015507930566852e+00
1.546509750177277986e+00
1.552211435808587225e+00
1.557913121439896020e+00
1.563614807071205703e+00
1.569342043753276794e+00
1.574471737891159684e+00
1.579601432029042574e+00
1.584731126166926130e+00
1.589778813226719212e+00
1.594332341015538779e+00
1.598885868804358346e+00
1.603439396593177468e+00
1.607680528007548126e+00
1.289159719513436775e+00
1.286592126840995665e+00
1.284024534168554998e+00
1.281456941496114554e+00
1.278889348823673666e+00
1.276321756151233000e+00
1.273754163478792334e+00
1.271186570806351446e+00
1.268618978133910780e+00
1.265839329593801965e+00
1.263460869015188948e+00
1.261082408436575930e+00
1.258703947857962913e+00
1.256325487279350117e+00
1.253947026700737322e+00
1.251568566122124304e+00
1.249190105543511509e+00
1.246811644964898491e+00
1.244031141191338730e+00
1.241806855250328745e+00
1.239582569309318538e+00
1.237358283368308554e+00
1.235133997427298791e+00
1.232909711486288584e+00
1.230685425545278600e+00
1.228461139604268171e+00
1.226236853663258408e+00
1.224012567722248201e+00
1.221788281781238217e+00
1.219529303291662092e+00
1.217478691091582244e+00
1.215428078891502173e+00
1.213377466691422324e+00
1.211326854491342475e+00
1.209276242291262626e+00
1.207225630091182778e+00
1.205175017891102929e+00
1.203124405691023080e+00
1.201073793490943453e+00
1.198911802271014571e+00
1.197060719331114464e+00
1.195209636391214136e+00
1.193358553451314030e+00
1.191507470511413702e+00
1.189656387571513374e+00
1.187805304631613490e+00
1.185954221691713162e+00
1.184103138751812612e+00
1.182252055811912728e+00
1.180400972872012400e+00
1.178549889932112293e+00
1.176485736663696935e+00
1.174813808495522416e+00
1.173141880327347897e+00
1.171469952159173600e+00
1.169798023990999081e+00
1.168126095822824562e+00
1.166454167654649821e+00
1.164782239486475524e+00
1.163110311318301004e+00
1.161438383150126707e+00
1.159766454981952188e+00
1.157859792651974917e+00
1.156358746637359047e+00
1.154857700622743621e+00
1.153356654608127752e+00
1.151855608593512326e+00
1.150354562578896900e+00
1.148853516564281030e+00
1.147352470549665604e+00
1.145851424535049956e+00
1.144350378520434308e+00
1.142849332505818660e+00
1.141348286491203012e+00
1.139847240476587364e+00
1.138205903122467166e+00
1.136871438756405839e+00
1.135536974390344289e+00
1.134202510024282962e+00
1.132868045658221412e+00
1.131533581292160084e+00
1.130199116926098313e+00
1.128864652560037207e+00
1.127530188193975436e+00
1.126195723827914108e+00
1.124861259461852558e+00
1.123526795095791231e+00
1.122192330729729681e+00
1.120723031654077717e+00
1.119548025386821521e+00
1.118373019119564882e+00
1.117198012852308686e+00
1.116023006585052268e+00
1.114848000317795629e+00
1.113672994050539433e+00
1.112497987783283016e+00
1.111322981516026820e+00
1.110147975248770180e+00
1.108972968981513763e+00
1.107797962714257567e+00
1.106622956447000927e+00
1.105447950179744732e+00
1.104157680906796779e+00
1.103135041310955078e+00
1.102112401715113377e+00
1.101089762119271898e+00
1.100067122523430196e+00
1.099044482927588495e+00
1.098021843331747016e+00
1.096999203735905315e+00
1.095976564140063836e+00
1.094953924544222135e+00
1.093931284948380656e+00
1.092908645352538954e+00
1.091886005756697253e+00
1.090863366160855552e+00
1.089840726565013851e+00
1.088706872945224946e+00
1.087822389265746370e+00
1.086937905586268238e+00
1.086053421906789662e+00
1.085168938227311530e+00
1.084284454547832954e+00
1.083399970868354600e+00
1.082515487188876468e+00
1.081631003509398115e+00
1.080746519829919539e+00
1.079862036150441407e+00
1.078977552470962831e+00
1.078093068791484699e+00
1.077208585112006345e+00
1.076324101432527991e+00
1.075439617753049637e+00
1.074555549192820036e+00
1.073803467603813511e+00
1.073051386014806763e+00
1.072299304425800237e+00
1.071547222836793489e+00
1.070795141247786963e+00
1.070043059658780216e+00
1.069290978069773690e+00
1.068538896480767164e+00
1.067786814891760638e+00
1.067034733302754113e+00
1.066282651713747365e+00
1.065530570124740617e+00
1.064778488535734091e+00
1.064026406946727565e+00
1.063274325357720818e+00
1.062522243768714292e+00
1.061727881814699348e+00
1.061095947322163946e+00
1.060464012829628322e+00
1.059832078337092476e+00
1.059200143844556630e+00
1.058568209352020562e+00
1.057936274859485160e+00
1.057304340366949313e+00
1.056672405874413689e+00
1.056040471381877843e+00
1.055408536889342219e+00
1.054776602396806373e+00
1.054144667904270527e+00
1.053512733411734903e+00
1.052880798919199279e+00
1.052248864426663433e+00
1.051616929934127809e+00
1.050984995441591741e+00
1.050329062381327505e+00
1.049804672229644797e+00
1.049280282077962090e+00
1.048755891926279604e+00
1.048231501774596897e+00
1.047707111622914189e+00
1.047182721471231259e+00
1.046658331319548774e+00
1.046133941167866066e+00
1.045609551016183358e+00
1.045085160864500651e+00
1.044560770712817943e+00
1.044036380561135235e+00
1.043511990409452750e+00
1.042987600257770042e+00
1.042463210106087113e+00
1.041938819954404627e+00
1.041414429802721697e+00
1.040890039651039212e+00
1.040365649499356504e+00
1.039910935826472871e+00
1.039488677332166322e+00
1.039066418837859551e+00
1.038644160343552780e+00
1.038221901849246009e+00
1.037799643354939461e+00
1.037377384860632690e+00
1.036955126366326141e+00
1.036532867872019370e+00
1.036110609377712821e+00
1.035688350883406272e+00
1.035266092389099502e+00
1.034843833894792731e+00
1.034421575400486182e+00
1.033999316906179633e+00
1.033577058411872862e+00
1.033154799917566091e+00
1.032732541423259320e+00
1.032310282928952994e+00
1.031888024434646001e+00
1.031465765940339452e+00
1.030973655966072933e+00
1.030633028912984583e+00
1.030292401859896012e+00
1.029951774806807663e+00
1.029611147753719091e+00
1.029270520700630742e+00
1.028929893647542393e+00
1.028589266594453822e+00
1.028248639541365472e+00
1.027908012488277123e+00
1.027567385435188552e+00
1.027226758382100424e+00
1.026886131329011853e+00
1.026545504275923282e+00
1.026204877222834932e+00
1.025864250169746361e+00
1.025523623116658012e+00
1.025182996063569663e+00
1.024842369010481313e+00
1.024501741957392742e+00
1.024161114904304171e+00
1.023820487851215821e+00
1.023546315733839585e+00
1.023278184220582476e+00
1.023010052707324924e+00
1.022741921194067816e+00
1.022473789680810263e+00
1.022205658167553155e+00
1.021937526654295825e+00
1.021669395141038494e+00
1.021401263627781386e+00
1.021133132114523834e+00
1.020865000601266503e+00
1.020596869088009173e+00
1.020328737574751843e+00
1.020060606061494513e+00
1.019792474548237182e+00
1.019524343034979852e+00
1.019256211521722744e+00
1.018988080008465191e+00
1.018719948495207861e+00
1.018451816981950531e+00
1.018183685468693200e+00
1.017915553955435870e+00
1.017647422442178540e+00
1.017379290928921431e+00
1.017111159415664101e+00
1.016883658905159526e+00
1.016681463652027384e+00
1.016479268398894797e+00
1.016277073145762433e+00
1.016074877892630068e+00
1.015872682639497704e+00
1.015670487386365339e+00
1.015468292133232975e+00
1.015266096880100388e+00
1.015063901626968246e+00
1.014861706373835881e+00
1.014659511120703295e+00
1.014457315867571152e+00
1.014255120614438566e+00
1.014052925361306201e+00
1.013850730108173837e+00
1.013648534855041472e+00
1.013446339601909107e+00
1.013244144348776965e+00
1.013041949095644378e+00
1.012839753842512014e+00
1.012637558589379649e+00
1.012435363336247063e+00
1.012233168083114920e+00
1.012030972829982556e+00
1.011828777576849969e+00
1.011626582323717605e+00
1.011487128558690163e+00
1.011338275329040082e+00
1.011189422099390001e+00
1.011040568869739698e+00
1.010891715640089394e+00
1.010742862410439313e+00
1.010594009180789232e+00
