3.093993853673880245e+00
3.093993853673880245e+00
3.093993853673880245e+00
3.093993853673880245e+00
3.093993853673880245e+00
3.093993853673880245e+00
3.093993853673880245e+00
3.093993853673880245e+00
3.093993853673880245e+00
2.845231083133108907e+00
2.845231083133108907e+00
2.845231083133108907e+00
2.845231083133108907e+00
2.845231083133108907e+00
2.845231083133108907e+00
2.845231083133108907e+00
2.845231083133108907e+00
2.845231083133108907e+00
2.571498842936792428e+00
2.571498842936792428e+00
2.571498842936792428e+00
2.571498842936792428e+00
2.571498842936792428e+00
2.571498842936792428e+00
2.571498842936792428e+00
2.571498842936792428e+00
2.571498842936792428e+00
2.571498842936792428e+00
2.297552647750730426e+00
2.297552647750730426e+00
2.297552647750730426e+00
2.297552647750730426e+00
2.297552647750730426e+00
2.297552647750730426e+00
2.297552647750730426e+00
2.297552647750730426e+00
2.297552647750730426e+00
2.297552647750730426e+00
2.297552647750730426e+00
2.081875246770374499e+00
2.081875246770374499e+00
2.081875246770374499e+00
2.081875246770374499e+00
2.081875246770374499e+00
2.081875246770374499e+00
2.081875246770374499e+00
2.081875246770374499e+00
2.081875246770374499e+00
2.081875246770374499e+00
2.081875246770374499e+00
2.081875246770374499e+00
2.081875246770374499e+00
1.894918577659524761e+00
1.894918577659524761e+00
1.894918577659524761e+00
1.894918577659524761e+00
1.894918577659524761e+00
1.894918577659524761e+00
1.894918577659524761e+00
1.894918577659524761e+00
1.894918577659524761e+00
1.894918577659524761e+00
1.894918577659524761e+00
1.894918577659524761e+00
1.894918577659524761e+00
1.894918577659524761e+00
1.730248743901622754e+00
1.730248743901622754e+00
1.730248743901622754e+00
1.730248743901622754e+00
1.730248743901622754e+00
1.730248743901622754e+00
1.730248743901622754e+00
1.730248743901622754e+00
1.730248743901622754e+00
1.730248743901622754e+00
1.730248743901622754e+00
1.730248743901622754e+00
1.730248743901622754e+00
1.730248743901622754e+00
1.730248743901622754e+00
1.730248743901622754e+00
1.730248743901622754e+00
1.602673064455200302e+00
1.602673064455200302e+00
1.602673064455200302e+00
1.602673064455200302e+00
1.602673064455200302e+00
1.602673064455200302e+00
1.602673064455200302e+00
1.602673064455200302e+00
1.602673064455200302e+00
1.602673064455200302e+00
1.602673064455200302e+00
1.602673064455200302e+00
1.602673064455200302e+00
1.602673064455200302e+00
1.602673064455200302e+00
1.602673064455200302e+00
1.602673064455200302e+00
1.602673064455200302e+00
1.490849798327758435e+00
1.490849798327758435e+00
1.490849798327758435e+00
1.490849798327758435e+00
1.490849798327758435e+00
1.490849798327758435e+00
1.490849798327758435e+00
1.490849798327758435e+00
1.490849798327758435e+00
1.490849798327758435e+00
1.490849798327758435e+00
1.490849798327758435e+00
1.490849798327758435e+00
1.490849798327758435e+00
1.490849798327758435e+00
1.490849798327758435e+00
1.490849798327758435e+00
1.490849798327758435e+00
1.490849798327758435e+00
1.490849798327758435e+00
1.490849798327758435e+00
1.490849798327758435e+00
1.392715325113458302e+00
1.392715325113458302e+00
1.392715325113458302e+00
1.392715325113458302e+00
1.392715325113458302e+00
1.392715325113458302e+00
1.392715325113458302e+00
1.392715325113458302e+00
1.392715325113458302e+00
1.392715325113458302e+00
1.392715325113458302e+00
1.392715325113458302e+00
1.392715325113458302e+00
1.392715325113458302e+00
1.392715325113458302e+00
1.392715325113458302e+00
1.392715325113458302e+00
1.392715325113458302e+00
1.392715325113458302e+00
1.392715325113458302e+00
1.392715325113458302e+00
1.392715325113458302e+00
1.392715325113458302e+00
1.392715325113458302e+00
1.392715325113458302e+00
1.392715325113458302e+00
1.322143106228474974e+00
1.322143106228474974e+00
1.322143106228474974e+00
1.322143106228474974e+00
1.322143106228474974e+00
1.322143106228474974e+00
1.322143106228474974e+00
1.322143106228474974e+00
1.322143106228474974e+00
1.322143106228474974e+00
1.322143106228474974e+00
1.322143106228474974e+00
1.322143106228474974e+00
1.322143106228474974e+00
1.322143106228474974e+00
1.322143106228474974e+00
1.322143106228474974e+00
1.322143106228474974e+00
1.322143106228474974e+00
1.322143106228474974e+00
1.322143106228474974e+00
1.322143106228474974e+00
1.322143106228474974e+00
1.322143106228474974e+00
1.322143106228474974e+00
1.322143106228474974e+00
1.322143106228474974e+00
1.322143106228474974e+00
1.322143106228474974e+00
1.322143106228474974e+00
1.322143106228474974e+00
1.252460250538470099e+00
1.252460250538470099e+00
1.252460250538470099e+00
1.252460250538470099e+00
1.252460250538470099e+00
1.252460250538470099e+00
1.252460250538470099e+00
1.252460250538470099e+00
1.252460250538470099e+00
1.252460250538470099e+00
1.252460250538470099e+00
1.252460250538470099e+00
1.252460250538470099e+00
1.252460250538470099e+00
1.252460250538470099e+00
1.252460250538470099e+00
1.252460250538470099e+00
1.252460250538470099e+00
1.252460250538470099e+00
1.252460250538470099e+00
1.252460250538470099e+00
1.252460250538470099e+00
1.252460250538470099e+00
1.252460250538470099e+00
1.252460250538470099e+00
1.252460250538470099e+00
1.252460250538470099e+00
1.252460250538470099e+00
1.252460250538470099e+00
1.252460250538470099e+00
1.252460250538470099e+00
1.252460250538470099e+00
1.252460250538470099e+00
1.252460250538470099e+00
1.252460250538470099e+00
1.252460250538470099e+00
1.252460250538470099e+00
1.186024642291352515e+00
1.186024642291352515e+00
1.186024642291352515e+00
1.186024642291352515e+00
1.186024642291352515e+00
1.186024642291352515e+00
1.186024642291352515e+00
1.186024642291352515e+00
1.186024642291352515e+00
1.186024642291352515e+00
1.186024642291352515e+00
1.186024642291352515e+00
1.186024642291352515e+00
1.186024642291352515e+00
1.186024642291352515e+00
1.186024642291352515e+00
1.186024642291352515e+00
1.186024642291352515e+00
1.186024642291352515e+00
1.186024642291352515e+00
1.186024642291352515e+00
1.186024642291352515e+00
1.186024642291352515e+00
1.186024642291352515e+00
1.186024642291352515e+00
1.186024642291352515e+00
1.186024642291352515e+00
1.186024642291352515e+00
1.186024642291352515e+00
1.186024642291352515e+00
1.186024642291352515e+00
1.186024642291352515e+00
1.186024642291352515e+00
1.186024642291352515e+00
1.186024642291352515e+00
1.186024642291352515e+00
1.186024642291352515e+00
1.186024642291352515e+00
1.186024642291352515e+00
1.186024642291352515e+00
1.186024642291352515e+00
1.186024642291352515e+00
1.186024642291352515e+00
1.186024642291352515e+00
1.186024642291352515e+00
1.186024642291352515e+00
1.116469307301911407e+00
1.116469307301911407e+00
1.116469307301911407e+00
1.116469307301911407e+00
1.116469307301911407e+00
1.116469307301911407e+00
1.116469307301911407e+00
1.116469307301911407e+00
1.116469307301911407e+00
1.116469307301911407e+00
1.116469307301911407e+00
1.116469307301911407e+00
1.116469307301911407e+00
1.116469307301911407e+00
1.116469307301911407e+00
1.116469307301911407e+00
1.116469307301911407e+00
1.116469307301911407e+00
1.116469307301911407e+00
1.116469307301911407e+00
1.116469307301911407e+00
1.116469307301911407e+00
1.116469307301911407e+00
1.116469307301911407e+00
1.116469307301911407e+00
1.116469307301911407e+00
1.116469307301911407e+00
1.116469307301911407e+00
1.116469307301911407e+00
1.116469307301911407e+00
1.116469307301911407e+00
1.116469307301911407e+00
1.116469307301911407e+00
1.116469307301911407e+00
1.116469307301911407e+00
1.116469307301911407e+00
1.116469307301911407e+00
1.116469307301911407e+00
1.116469307301911407e+00
1.116469307301911407e+00
1.116469307301911407e+00
1.116469307301911407e+00
1.116469307301911407e+00
1.116469307301911407e+00
1.116469307301911407e+00
1.116469307301911407e+00
1.116469307301911407e+00
1.116469307301911407e+00
1.116469307301911407e+00
1.116469307301911407e+00
1.116469307301911407e+00
1.116469307301911407e+00
1.116469307301911407e+00
1.116469307301911407e+00
1.116469307301911407e+00
1.116469307301911407e+00
1.116469307301911407e+00
1.116469307301911407e+00
1.116469307301911407e+00
1.030634774401252729e+00
1.030634774401252729e+00
1.030634774401252729e+00
1.030634774401252729e+00
1.030634774401252729e+00
1.030634774401252729e+00
1.030634774401252729e+00
1.030634774401252729e+00
1.030634774401252729e+00
1.030634774401252729e+00
1.030634774401252729e+00
1.030634774401252729e+00
1.030634774401252729e+00
1.030634774401252729e+00
1.030634774401252729e+00
1.030634774401252729e+00
1.030634774401252729e+00
1.030634774401252729e+00
1.030634774401252729e+00
1.030634774401252729e+00
1.030634774401252729e+00
1.030634774401252729e+00
1.030634774401252729e+00
1.030634774401252729e+00
1.030634774401252729e+00
1.030634774401252729e+00
1.030634774401252729e+00
1.030634774401252729e+00
1.030634774401252729e+00
1.030634774401252729e+00
1.030634774401252729e+00
1.030634774401252729e+00
1.030634774401252729e+00
1.030634774401252729e+00
1.030634774401252729e+00
1.030634774401252729e+00
1.030634774401252729e+00
1.030634774401252729e+00
1.030634774401252729e+00
1.030634774401252729e+00
1.030634774401252729e+00
1.030634774401252729e+00
1.030634774401252729e+00
1.030634774401252729e+00
1.030634774401252729e+00
1.030634774401252729e+00
1.030634774401252729e+00
1.030634774401252729e+00
1.030634774401252729e+00
1.030634774401252729e+00
1.030634774401252729e+00
1.030634774401252729e+00
1.030634774401252729e+00
1.030634774401252729e+00
1.030634774401252729e+00
1.030634774401252729e+00
1.030634774401252729e+00
1.030634774401252729e+00
1.030634774401252729e+00
1.030634774401252729e+00
1.030634774401252729e+00
1.030634774401252729e+00
1.030634774401252729e+00
1.030634774401252729e+00
1.030634774401252729e+00
1.030634774401252729e+00
1.030634774401252729e+00
1.030634774401252729e+00
1.030634774401252729e+00
1.030634774401252729e+00
1.030634774401252729e+00
1.030634774401252729e+00
1.030634774401252729e+00
1.030634774401252729e+00
1.030634774401252729e+00
1.030634774401252729e+00
1.030634774401252729e+00
1.030634774401252729e+00
