-2.112510244532682683e-04
-2.557035967168694995e-02
-4.541268468256501323e-02
-5.688370226690001724e-02
-6.170953490951180259e-02
-6.697445230594038790e-02
-6.282947273847336311e-02
-5.953406682054734889e-02
-5.182848962201828946e-02
-4.103595973768451449e-02
-3.040274727804519531e-02
-1.795255329565605129e-02
-3.795842304356721476e-03
1.102443780575016949e-02
2.678465133307788085e-02
4.285988958478875038e-02
5.808304130946032040e-02
7.601080992846746820e-02
9.353624688557976574e-02
1.102012373337724338e-01
1.273825684510434542e-01
1.449312633478801460e-01
1.616194978132937388e-01
1.783077322787074981e-01
1.922852377054788120e-01
2.132436026511344840e-01
2.284492436363121104e-01
2.436548846214895703e-01
2.597620882890745997e-01
2.765405566350584432e-01
2.903815502454392128e-01
3.052961000264236002e-01
3.202106498074079877e-01
3.351251995883925971e-01
3.500397493693770401e-01
3.606332103865367844e-01
3.734808270869847679e-01
3.883460666901969449e-01
4.012184685078781787e-01
4.140908703255592460e-01
4.269632721432402578e-01
4.394384104040972572e-01
4.504559799433034417e-01
4.614735494825095707e-01
4.724911190217155887e-01
4.815932009137455228e-01
4.920997524905635356e-01
5.026063040673813820e-01
5.159214075908727937e-01
5.253864413480043849e-01
5.348514751051359761e-01
5.443165088622675674e-01
5.537815426193992696e-01
5.631143634324083935e-01
5.709534219680896250e-01
5.787924805037706344e-01
5.866315390394516438e-01
5.954023310446163730e-01
6.039981785719601426e-01
6.125940260993038011e-01
6.211898736266477927e-01
6.230964310335941336e-01
6.303817901606407759e-01
6.431493600302214952e-01
6.499120786251477710e-01
6.566747972200738248e-01
6.634375158150002116e-01
6.702002344099261544e-01
6.769629530048524302e-01
6.837256715997785950e-01
6.904883901947047598e-01
6.972511087896310356e-01
7.006546878811915624e-01
7.054570946095765072e-01
7.102595013379614519e-01
7.150619080663463967e-01
7.198643147947314525e-01
7.246667215231162862e-01
7.294691282515011199e-01
7.366268740464063658e-01
7.416302544468319491e-01
7.466336348472577544e-01
7.516370152476834487e-01
7.566403956481091431e-01
7.616437760485350594e-01
7.700245194575396912e-01
7.735269408271694402e-01
7.770293621967990783e-01
7.805317835664288273e-01
7.840342049360584653e-01
7.875366263056883254e-01
7.910390476753179634e-01
7.945414690449477124e-01
7.980438904145775725e-01
8.015463117842072105e-01
8.050487331538369595e-01
8.089716000216271574e-01
8.132128103393945207e-01
8.174540206571617729e-01
8.216952309749289141e-01
8.259364412926962773e-01
8.227377342425188367e-01
8.253499639286501210e-01
8.279621936147814054e-01
8.305744233009126898e-01
8.407414307558482847e-01
8.433396830483558260e-01
8.459379353408632563e-01
8.485361876333709086e-01
8.511344399258782278e-01
8.537326922183855471e-01
8.563309445108933105e-01
8.589291968034008518e-01
8.615274490959082820e-01
8.641257013884158233e-01
8.667239536809232536e-01
8.693222059734307949e-01
8.719204582659384473e-01
8.745187105584458775e-01
8.771169628509534189e-01
8.797152151434608491e-01
8.823134674359683904e-01
8.849117197284758207e-01
8.875099720209833620e-01
8.901082243134907923e-01
8.927064766059984446e-01
8.953047288985058749e-01
8.979029811910134162e-01
9.005012334835210686e-01
8.980863807118131259e-01
8.995706971298533805e-01
9.010550135478936351e-01
9.025393299659340007e-01
9.040236463839742553e-01
9.055079628020146210e-01
9.069922792200548756e-01
9.084765956380952412e-01
9.099609120561354958e-01
9.114452284741756394e-01
9.178798711052507109e-01
9.190862115057779613e-01
9.202925519063048787e-01
9.214988923068320181e-01
9.227052327073590465e-01
9.239115731078862970e-01
9.251179135084133254e-01
9.263242539089403538e-01
9.275305943094676042e-01
9.287369347099946326e-01
9.299432751105215500e-01
9.311496155110488004e-01
9.323559559115759399e-01
9.335622963121028572e-01
9.347686367126301077e-01
9.359749771131571361e-01
9.371813175136841645e-01
9.383876579142114149e-01
9.395939983147383323e-01
9.408003387152654717e-01
9.420066791157927222e-01
9.432130195163197506e-01
9.421363111279901226e-01
9.432309813211187111e-01
9.443256515142468555e-01
9.454203217073751109e-01
9.465149919005033663e-01
9.476096620936317327e-01
9.487043322867600992e-01
9.497990024798882436e-01
9.577510076600904698e-01
9.582520853048737131e-01
9.587531629496570673e-01
9.592542405944401995e-01
9.597553182392234428e-01
9.602563958840065750e-01
9.607574735287899292e-01
9.612585511735732835e-01
9.617596288183563047e-01
9.622607064631396590e-01
9.627617841079229022e-01
9.632628617527061454e-01
9.637639393974892776e-01
9.642650170422725209e-01
9.647660946870557641e-01
9.652671723318390073e-01
9.657682499766221396e-01
9.662693276214053828e-01
9.667704052661887371e-01
9.669986144501161451e-01
9.677982234222971547e-01
9.685978323944777202e-01
9.693974413666585077e-01
9.701970503388394063e-01
9.709966593110200828e-01
9.717962682832007593e-01
9.725958772553816578e-01
9.733954862275623343e-01
9.741950951997431218e-01
9.749947041719236873e-01
9.757943131441045859e-01
9.765939221162852624e-01
9.773935310884662719e-01
9.781931400606467264e-01
9.789927490328276249e-01
9.797923580050083014e-01
9.805919669771890890e-01
9.813915759493697655e-01
9.821911849215505530e-01
9.767325727264910551e-01
9.770809820953363367e-01
9.774293914641815073e-01
9.777778008330269000e-01
9.781262102018719595e-01
9.784746195707173522e-01
9.788230289395625228e-01
9.791714383084076934e-01
9.795198476772528640e-01
9.827727272257615887e-01
9.830778444635235314e-01
9.833829617012854740e-01
9.836880789390473057e-01
9.839931961768092483e-01
9.842983134145716351e-01
9.846034306523334667e-01
9.849085478900954094e-01
9.852136651278572410e-01
9.855187823656191837e-01
9.858238996033813484e-01
9.861290168411432910e-01
9.864341340789053447e-01
9.867392513166670653e-01
9.870443685544292300e-01
9.873494857921910617e-01
9.876546030299532264e-01
9.879597202677150580e-01
9.882648375054772227e-01
9.885699547432391654e-01
9.888750719810009970e-01
9.891801892187629397e-01
9.894853064565251044e-01
9.897904236942869360e-01
9.900955409320488787e-01
9.904006581698110434e-01
9.907057754075728750e-01
9.910108926453350398e-01
9.913160098830969824e-01
9.916211271208588141e-01
9.919262443586207567e-01
9.922313615963826994e-01
9.915280333185220174e-01
9.916833764075566604e-01
9.918387194965911924e-01
9.919940625856256133e-01
9.921494056746601453e-01
9.923047487636946773e-01
9.924600918527293203e-01
9.926154349417637413e-01
9.927707780307982732e-01
9.929261211198328052e-01
9.930814642088675592e-01
9.932368072979019802e-01
9.933921503869364011e-01
9.935474934759710441e-01
9.937028365650054651e-01
9.938581796540402191e-01
9.940135227430746401e-01
9.941688658321092831e-01
9.943242089211437040e-01
9.944795520101782360e-01
9.946348950992126570e-01
9.953853891987490821e-01
9.954284846960620436e-01
9.954715801933752273e-01
9.955146756906881889e-01
9.955577711880012615e-01
9.956008666853142230e-01
9.956439621826274067e-01
9.956870576799403683e-01
9.957301531772535519e-01
9.957732486745665135e-01
9.958163441718794751e-01
9.958594396691925477e-01
9.959025351665057313e-01
9.959456306638186929e-01
9.959887261611317655e-01
9.960318216584448381e-01
9.960749171557577997e-01
9.961180126530707613e-01
9.971370854221708324e-01
9.971897603701440627e-01
9.972424353181175150e-01
9.972951102660906342e-01
9.973477852140640865e-01
9.974004601620373167e-01
9.974531351100107690e-01
9.975058100579838882e-01
9.975584850059571185e-01
9.976111599539305708e-01
9.976638349019040231e-01
9.977165098498771423e-01
9.977691847978504835e-01
9.978218597458236028e-01
9.978745346937969440e-01
9.979272096417702853e-01
9.979798845897436266e-01
9.980325595377167458e-01
9.980852344856901981e-01
9.981379094336635394e-01
9.981905843816368806e-01
9.982432593296099999e-01
9.982959342775833411e-01
9.983486092255564603e-01
9.984012841735299126e-01
9.984539591215032539e-01
9.985066340694765952e-01
9.985593090174499364e-01
9.986119839654230557e-01
9.986646589133965080e-01
9.987173338613695162e-01
9.987700088093429684e-01
9.988226837573163097e-01
9.988753587052895400e-01
9.983012393693466713e-01
9.983053790184793774e-01
9.983095186676118615e-01
9.996991016744251057e-01
9.996933946290160744e-01
9.996876875836071541e-01
9.989515815110799890e-01
9.989845088881883495e-01
9.990174362652968210e-01
9.990503636424052925e-01
9.990832910195137639e-01
9.991162183966221244e-01
9.991491457737308179e-01
9.991820731508391784e-01
9.992150005279477609e-01
9.992479279050562324e-01
9.992808552821648149e-01
9.993137826592731754e-01
9.993467100363817579e-01
9.993796374134902294e-01
9.994125647905985899e-01
9.994454921677072834e-01
9.994784195448156439e-01
9.995113469219242264e-01
9.995442742990325868e-01
9.995772016761411694e-01
9.996101290532496408e-01
9.996430564303582234e-01
9.996759838074666948e-01
9.997089111845752774e-01
9.997418385616835268e-01
9.997747659387919983e-01
9.998076933159005808e-01
9.998406206930090523e-01
9.998735480701176348e-01
9.999064754472258842e-01
9.999394028243344668e-01
9.999723302014430493e-01
9.998800583386613372e-01
9.998831504685380400e-01
9.998862425984147428e-01
9.998893347282913346e-01
9.998924268581682595e-01
9.998955189880448513e-01
9.998986111179215541e-01
9.999017032477982569e-01
9.999047953776751818e-01
9.999078875075517736e-01
9.999109796374283654e-01
9.999140717673051793e-01
9.999171638971817710e-01
9.999202560270584739e-01
9.999233481569352877e-01
9.999264402868119905e-01
9.999295324166886934e-01
9.999326245465652852e-01
9.999357166764422100e-01
9.999388088063188018e-01
9.999419009361953936e-01
9.999449930660722075e-01
9.999480851959487993e-01
9.999511773258257241e-01
9.999542694557023159e-01
9.999573615855789077e-01
9.999604537154556105e-01
9.999635458453324244e-01
9.999666379752092382e-01
9.999697301050856080e-01
9.999728222349624218e-01
9.999759143648392357e-01
9.999790064947158275e-01
9.999820986245927523e-01
9.999851907544693441e-01
9.999882828843460469e-01
1.000154564347664810e+00
1.000175881811973699e+00
1.000197199276282367e+00
1.000218516740591257e+00
