8.533994467123943162e-01
8.697121523390740627e-01
8.860248579657536983e-01
9.023375635924333338e-01
9.186502692191129693e-01
9.349629748457923828e-01
9.512756804724722404e-01
9.675883860991518759e-01
9.839010917258314004e-01
1.000213797352510925e+00
1.016526502979190560e+00
1.032839208605870196e+00
1.049151914232549831e+00
1.065464619859229467e+00
1.081777325485909103e+00
1.098090031112588960e+00
1.114402736739268374e+00
1.130715442365947787e+00
1.146370289166669609e+00
1.158816062190300977e+00
1.171261835213932123e+00
1.183707608237563491e+00
1.196153381261194859e+00
1.208599154284825783e+00
1.221044927308457151e+00
1.233490700332088519e+00
1.245936473355719887e+00
1.258382246379351033e+00
1.270828019402982401e+00
1.283273792426613769e+00
1.295719565450245137e+00
1.308165338473876060e+00
1.320611111497507650e+00
1.331739998817612181e+00
1.343239420293653286e+00
1.354738841769693947e+00
1.366238263245734830e+00
1.377737684721775935e+00
1.389237106197816374e+00
1.400736527673857257e+00
1.412235949149898140e+00
1.423735370625938801e+00
1.435234792101979684e+00
1.446734213578020567e+00
1.458233635054061450e+00
1.470371570458784971e+00
1.482789390970611798e+00
1.495207211482439291e+00
1.507625031994266340e+00
1.520042852506093167e+00
1.532460673017920438e+00
1.544878493529747709e+00
1.557296314041574536e+00
1.569714134553401808e+00
1.582131955065228412e+00
1.594549775577055684e+00
1.609674681131790352e+00
1.624524993294467201e+00
1.639375305457144050e+00
1.654225617619821120e+00
1.669075929782497525e+00
1.683926241945174374e+00
1.698776554107851000e+00
1.713626866270527849e+00
1.728477178433204919e+00
1.746960289625846929e+00
1.765704079850632047e+00
1.784447870075416720e+00
1.803191660300201837e+00
1.821935450524986733e+00
1.840679240749771406e+00
1.859423030974556523e+00
1.878166821199341419e+00
1.901446135438350948e+00
1.925634458368836732e+00
1.949822781299322960e+00
1.974011104229809188e+00
1.998199427160294972e+00
2.022387750090780756e+00
2.046576073021267206e+00
2.076178550828775560e+00
2.107589878670415029e+00
2.139001206512053610e+00
2.170412534353693079e+00
2.201823862195332104e+00
2.233235190036971574e+00
2.268508080129378879e+00
2.309196300265788704e+00
2.349884520402198085e+00
2.390572740538607910e+00
2.431260960675017735e+00
2.471949180811427116e+00
2.521956160758338950e+00
2.574357014598183113e+00
2.626757868438026389e+00
2.679158722277870996e+00
2.731559576117715160e+00
2.795171110175327822e+00
2.862154514086703294e+00
2.929137917998077878e+00
2.996121321909453794e+00
3.063104725820829710e+00
3.149416801675595678e+00
3.234702764813386366e+00
3.319988727951179719e+00
3.405274691088971739e+00
3.511470000500579225e+00
3.616083293843711299e+00
3.720696587186841153e+00
3.825309880529973228e+00
3.398718391283484408e+00
3.313617731844527903e+00
3.228517072405572286e+00
3.143416412966615781e+00
3.056771580317498849e+00
2.986594475861600539e+00
2.916417371405702674e+00
2.846240266949804365e+00
2.772796109119895824e+00
2.715907437432739435e+00
2.659018765745582158e+00
2.602130094058422216e+00
2.545241422371265383e+00
2.496038151047709874e+00
2.450686361557225190e+00
2.405334572066740062e+00
2.359982782576255378e+00
2.314630993085770250e+00
2.272496243023356843e+00
2.236991760471955359e+00
2.201487277920554320e+00
2.165982795369153280e+00
2.130478312817751796e+00
2.092987305777373575e+00
2.065089313436260898e+00
2.037191321095148222e+00
2.009293328754035102e+00
1.981395336412922648e+00
1.953497344071809083e+00
1.925599351730696407e+00
1.902292148709266550e+00
1.880543176158320673e+00
1.858794203607374573e+00
1.837045231056430028e+00
1.815296258505483706e+00
1.793547285954537607e+00
1.771798313403592395e+00
1.754616320548644914e+00
1.738042882668285216e+00
1.721469444787925740e+00
1.704896006907566264e+00
1.688322569027206788e+00
1.671749131146847311e+00
1.655175693266487835e+00
1.638162878762659203e+00
1.625651894241586515e+00
1.613140909720514493e+00
1.600629925199442027e+00
1.588118940678370228e+00
1.575607956157297762e+00
1.563096971636225518e+00
1.550585987115152831e+00
1.538075002594080809e+00
1.525712799853221835e+00
1.516308134155518461e+00
1.506903468457814421e+00
1.497498802760110603e+00
1.488094137062406341e+00
1.478689471364702523e+00
1.469284805666998706e+00
1.459880139969294666e+00
1.450475474271590848e+00
1.441070808573886808e+00
1.431666142876182990e+00
1.424163945493740036e+00
1.417252686355703784e+00
1.410341427217667754e+00
1.403430168079631724e+00
1.396518908941595694e+00
1.389607649803559664e+00
1.382696390665523412e+00
1.375785131527487382e+00
1.368873872389450685e+00
1.361962613251415100e+00
1.355051354113378625e+00
1.348140094975342596e+00
1.342044635175220657e+00
1.337020305905295858e+00
1.331995976635370837e+00
1.326971647365445817e+00
1.321947318095521018e+00
1.316922988825595775e+00
1.311898659555670754e+00
1.306874330285745955e+00
1.301850001015820935e+00
1.296825671745895914e+00
1.291801342475970671e+00
1.286777013206046316e+00
1.281752683936121073e+00
1.276728354666195830e+00
1.272230300496205668e+00
1.268530767875790888e+00
1.264831235255376551e+00
1.261131702634961549e+00
1.257432170014547435e+00
1.253732637394132654e+00
1.250033104773718318e+00
1.246333572153303537e+00
1.242634039532888979e+00
1.238934506912474198e+00
1.235234974292059862e+00
1.231535441671645081e+00
1.227835909051230745e+00
1.224136376430815965e+00
1.220436843810401184e+00
1.216737311189986626e+00
1.213037778569572289e+00
1.209954245130495654e+00
1.207228564665521864e+00
1.204502884200548518e+00
1.201777203735574950e+00
1.199051523270601161e+00
1.196325842805627149e+00
1.193600162340653803e+00
1.190874481875680013e+00
1.188148801410706668e+00
1.185423120945732878e+00
1.182697440480759310e+00
1.179971760015785520e+00
1.177246079550812174e+00
1.174520399085838385e+00
1.171794718620864817e+00
1.169069038155891027e+00
1.166343357690917237e+00
1.163617677225943892e+00
1.160891996760970324e+00
1.158166316295996756e+00
1.155440635831022744e+00
1.153420045220749479e+00
1.151350150401551753e+00
1.149280255582353805e+00
1.147210360763155856e+00
1.145140465943957908e+00
1.143070571124760182e+00
1.141000676305562012e+00
1.138930781486364063e+00
1.136860886667166337e+00
1.134790991847968389e+00
1.132721097028770441e+00
1.130651202209572492e+00
1.128581307390374544e+00
1.126511412571176596e+00
1.124441517751978870e+00
1.122371622932780921e+00
1.120301728113582973e+00
1.118231833294384803e+00
1.116161938475186854e+00
1.114092043655989128e+00
1.112022148836791180e+00
1.109952254017593232e+00
1.107882359198395283e+00
1.105812464379197335e+00
1.103742569559999609e+00
1.102363898034136591e+00
1.100645811656143946e+00
1.098927725278151746e+00
1.097209638900159101e+00
1.095491552522166678e+00
1.093773466144174256e+00
1.092055379766181833e+00
1.090337293388189410e+00
1.088619207010196765e+00
1.086901120632204343e+00
1.085183034254211920e+00
1.083464947876219497e+00
1.081746861498227297e+00
1.080028775120234652e+00
1.078310688742242229e+00
1.076592602364249585e+00
1.074874515986257162e+00
1.073156429608264739e+00
1.071438343230272316e+00
1.069720256852279894e+00
1.068002170474287471e+00
1.066284084096295048e+00
1.064565997718302404e+00
1.062847911340309981e+00
1.061129824962317558e+00
1.059411738584325136e+00
1.057693652206332491e+00
1.055975565828340068e+00
1.054257479450347645e+00
1.052539393072355223e+00
1.050821306694362800e+00
1.049103220316370155e+00
1.047385133938377733e+00
1.046471589736617469e+00
1.044779079412125222e+00
1.043086569087633420e+00
1.041394058763141173e+00
1.039701548438649148e+00
1.038009038114157123e+00
1.036316527789664876e+00
1.034624017465172630e+00
1.032931507140680827e+00
1.031238996816188802e+00
1.029546486491696555e+00
1.027853976167204531e+00
1.026161465842712506e+00
1.024468955518220259e+00
1.022776445193728234e+00
1.021083934869236209e+00
1.019391424544744185e+00
1.017698914220251938e+00
1.016006403895759913e+00
1.014313893571268110e+00
1.012621383246775864e+00
1.010928872922283839e+00
1.009236362597791814e+00
1.007543852273299789e+00
1.005851341948807542e+00
1.004158831624315296e+00
1.002466321299823493e+00
1.000773810975331246e+00
9.990813006508392213e-01
9.973887903263469745e-01
9.956962800018551718e-01
9.940037696773631470e-01
9.923112593528707892e-01
9.906187490283787644e-01
9.889262387038867397e-01
9.872337283793947149e-01
9.855412180549025791e-01
9.838487077304104433e-01
9.821561974059185296e-01
9.804636870814265048e-01
9.787711767569342580e-01
9.770786664324422333e-01
9.753861561079502085e-01
9.736936457834579617e-01
9.719681923192254880e-01
9.696173624812109981e-01
9.672665326431962862e-01
9.649157028051813523e-01
9.625648729671666404e-01
9.602140431291519285e-01
9.578632132911372166e-01
9.555123834531223936e-01
9.531615536151077928e-01
9.508107237770930809e-01
9.484598939390783690e-01
9.461090641010635460e-01
9.437582342630486121e-01
9.414074044250339002e-01
9.390565745870194103e-01
9.367057447490046984e-01
9.343549149109899865e-01
9.320040850729751636e-01
9.296532552349603407e-01
9.273024253969455177e-01
9.249515955589310279e-01
9.226007657209164270e-01
9.202499358829014930e-01
9.178991060448867811e-01
9.155482762068719582e-01
9.131974463688574684e-01
9.108466165308426454e-01
9.084957866928278225e-01
9.061449568548132216e-01
9.037941270167987318e-01
9.014432971787835758e-01
8.990924673407688639e-01
8.967416375027542630e-01
8.943908076647396621e-01
8.920399778267248392e-01
8.896891479887100163e-01
8.873383181506955264e-01
8.849874883126807035e-01
8.826366584746658805e-01
8.802858286366510576e-01
8.779349987986364567e-01
8.755841689606216338e-01
8.732333391226068109e-01
8.708825092845923210e-01
8.685316794465776091e-01
8.661808496085627862e-01
8.638300197705479633e-01
8.614791899325332514e-01
8.591283600945185395e-01
8.567775302565039386e-01
8.544267004184891157e-01
8.520758705804745148e-01
8.497250407424596919e-01
8.473742109044449800e-01
8.450233810664301570e-01
8.426725512284155561e-01
8.403217213904009553e-01
8.379708915523861323e-01
8.356200617143713094e-01
8.332692318763565975e-01
